# 500000 500004
219
104
87
216
44
91
131
160
223
172
111
81
145
96
89
70
169
215
73
85
185
128
73
64
204
177
53
108
104
79
76
63
45
61
62
162
55
185
89
184
120
39
72
93
207
38
208
80
38
101
51
92
60
129
42
197
98
88
103
111
84
135
83
94
150
42
54
105
97
139
60
62
45
54
88
71
99
100
81
217
81
182
109
60
223
66
44
63
146
217
47
90
46
92
84
185
99
92
76
78
108
77
44
62
109
178
105
96
136
155
183
217
55
48
222
204
108
105
96
87
104
109
48
89
87
73
48
193
94
118
104
97
162
78
110
99
148
104
96
100
60
107
71
62
83
120
43
97
96
106
70
44
113
100
98
104
174
209
50
77
99
75
118
177
76
180
51
81
67
113
101
108
54
100
103
70
76
89
74
43
101
81
171
108
49
84
44
106
84
165
155
178
10
201
73
161
96
81
148
83
150
98
77
67
143
41
144
39
52
100
92
113
108
147
66
64
106
87
106
68
73
89
78
87
147
59
106
63
101
57
148
39
148
54
123
59
105
169
103
101
108
89
53
44
88
97
87
168
108
102
55
96
80
223
62
104
90
145
85
107
184
87
194
104
44
75
110
91
46
84
100
76
51
170
46
47
121
86
79
195
85
81
60
58
64
62
76
156
100
97
100
68
103
42
63
81
124
183
85
94
185
58
39
132
107
136
110
118
144
43
48
58
66
38
178
98
78
169
96
111
55
199
57
100
104
130
53
75
145
100
210
98
67
78
80
94
100
80
61
83
39
200
85
80
103
88
162
65
53
111
55
101
45
69
75
220
64
146
97
91
124
90
58
102
62
110
214
110
89
55
52
113
87
51
208
86
101
143
110
137
85
40
137
45
51
86
104
45
119
101
46
70
108
50
101
83
160
96
103
89
154
56
92
57
174
72
77
213
61
96
38
50
200
53
105
121
49
213
76
102
46
53
222
207
61
108
50
144
212
212
94
91
102
59
101
101
181
171
69
74
66
95
95
216
50
185
87
86
107
64
103
82
147
218
143
43
105
93
91
98
100
68
42
82
42
169
161
210
71
135
196
97
65
164
61
79
94
54
67
41
102
70
70
177
90
74
102
67
75
135
170
92
56
93
183
58
87
110
86
80
124
58
81
140
106
73
206
134
152
106
105
64
71
57
174
78
42
73
40
220
91
45
94
9
63
42
214
39
153
103
83
191
112
89
109
190
66
112
221
47
80
102
105
108
98
84
96
182
40
84
215
26
95
83
72
88
40
66
75
119
49
87
42
98
129
68
92
202
167
62
78
40
56
186
57
108
111
61
38
112
154
116
66
202
121
147
199
64
93
39
82
86
87
93
164
83
115
109
75
97
106
170
75
39
89
144
52
77
106
44
142
38
95
49
63
76
181
194
165
207
57
191
54
44
120
162
81
59
145
79
99
70
49
82
70
85
104
99
121
53
41
123
216
98
192
110
201
41
82
45
166
61
98
173
102
54
88
71
50
76
75
69
218
81
83
53
100
113
110
99
103
76
93
49
33
100
75
39
99
149
209
115
113
91
50
188
47
65
94
103
74
53
6
179
101
172
49
57
86
221
80
136
43
171
97
78
197
53
214
191
107
43
63
175
126
94
59
183
75
59
147
65
97
52
63
105
57
216
105
66
87
196
46
54
46
121
67
116
117
83
89
70
90
109
90
61
94
81
60
68
87
182
78
104
67
70
40
108
167
40
73
126
86
92
97
93
96
152
52
48
61
111
89
77
53
59
105
134
58
213
83
53
160
102
107
53
209
178
100
76
140
122
43
45
42
113
40
187
42
107
63
93
57
73
40
99
180
176
60
205
105
82
66
83
83
56
92
89
166
63
182
102
92
63
204
108
80
60
114
48
71
82
47
178
65
104
41
129
104
170
92
87
200
62
52
93
86
113
68
88
61
106
72
195
120
111
192
61
65
67
114
81
217
94
75
54
114
71
104
144
101
96
197
41
38
111
64
73
83
76
86
130
212
164
107
222
73
81
73
106
95
107
141
85
103
48
95
104
39
166
197
100
110
65
90
194
79
102
104
157
57
38
66
129
86
86
38
44
149
110
40
50
179
112
176
73
45
88
183
85
53
77
92
50
105
47
120
156
198
113
78
75
179
52
87
129
95
107
222
67
95
66
87
81
211
71
82
90
102
179
88
96
171
75
47
174
96
74
63
92
73
204
166
215
113
96
166
65
142
98
43
78
72
85
144
85
121
109
169
84
55
54
40
53
97
108
103
38
97
110
110
197
78
205
154
112
105
83
77
107
83
49
101
105
52
206
97
91
149
73
54
46
58
75
76
132
65
83
96
127
76
125
44
77
107
178
88
107
129
157
61
74
110
185
186
82
77
185
75
43
89
147
68
170
81
176
53
99
54
49
106
60
101
93
46
120
134
98
86
42
108
96
73
78
95
109
103
44
105
107
111
176
201
99
86
177
49
81
179
192
88
201
82
73
9
118
65
98
88
152
106
201
82
187
144
78
86
58
95
103
101
105
100
56
210
89
63
60
57
68
117
134
44
137
135
63
51
157
141
103
176
61
67
54
84
100
60
61
54
38
100
72
195
39
47
89
130
130
97
80
76
77
148
59
210
84
83
110
189
102
102
48
132
160
99
78
51
80
87
52
155
49
150
50
87
213
158
60
180
90
54
155
222
70
197
61
106
105
93
103
106
63
39
62
60
81
113
85
41
54
49
95
61
221
197
80
93
84
106
93
86
89
110
66
112
55
110
73
64
110
96
121
45
113
42
59
51
39
143
85
59
204
202
184
58
64
76
66
102
86
48
60
212
45
113
112
131
222
104
107
164
107
42
110
101
84
82
170
108
87
105
75
131
164
109
95
112
125
67
113
66
49
61
84
122
94
158
209
65
94
92
186
54
41
84
106
136
56
185
148
108
102
93
190
111
74
79
108
74
130
65
42
65
86
82
110
59
90
49
173
48
52
112
72
123
101
53
185
70
83
97
81
131
94
113
83
198
81
107
112
90
175
94
94
61
42
76
65
45
119
204
201
91
95
97
133
57
105
140
78
39
60
186
111
90
54
97
99
49
98
55
128
95
98
59
119
161
83
91
17
43
89
99
97
191
83
56
66
111
41
162
51
110
63
160
120
77
212
108
80
206
92
129
62
114
93
217
208
45
78
130
83
128
112
131
73
117
188
48
65
177
38
82
82
89
95
43
74
133
42
43
80
158
69
214
206
98
47
51
128
84
44
57
99
103
86
108
72
212
97
181
98
71
46
86
98
223
74
90
56
111
128
85
156
68
60
93
51
38
64
211
104
69
119
67
99
81
100
165
78
38
61
104
161
178
93
68
87
42
90
38
42
97
66
65
192
98
107
63
67
44
205
101
60
111
63
76
69
110
73
98
93
77
80
65
153
121
152
170
128
85
146
101
40
158
192
76
63
73
65
84
118
87
112
61
94
122
139
92
107
60
96
70
77
48
96
46
132
193
113
184
68
75
102
49
101
170
108
91
164
68
60
62
84
187
52
172
40
127
50
113
193
85
222
42
81
73
50
88
181
94
76
90
94
112
199
124
78
52
63
47
76
63
45
110
122
87
102
81
48
49
61
109
179
123
49
41
71
54
39
46
102
81
108
122
68
105
204
61
54
65
181
150
92
197
207
106
108
82
97
91
71
70
75
218
64
168
113
110
99
69
46
179
53
103
90
134
121
39
109
75
47
88
41
103
95
64
167
99
40
95
107
47
89
92
83
64
61
192
127
208
97
102
75
195
111
62
54
90
222
124
107
182
118
57
66
90
160
78
45
56
88
50
59
39
113
127
107
62
68
104
125
216
223
69
113
83
43
55
222
88
55
184
76
112
109
156
41
133
62
76
90
102
90
64
73
95
45
80
58
107
129
110
170
50
179
214
102
59
137
56
98
126
85
103
222
99
73
193
88
98
75
79
63
66
150
87
90
90
76
33
55
102
62
51
118
94
106
145
90
90
186
77
108
81
64
75
84
44
163
211
53
114
112
209
47
219
73
106
221
108
103
51
51
62
95
113
109
79
164
77
83
55
131
38
141
124
94
186
80
163
10
88
109
83
76
207
88
171
74
139
171
158
58
43
53
81
167
108
102
155
186
59
80
122
173
71
110
63
64
74
40
93
41
62
99
68
60
206
75
41
56
205
72
98
114
77
106
92
72
66
202
38
129
52
171
39
184
63
47
97
95
186
89
66
93
102
145
86
49
49
116
75
73
109
101
89
76
124
59
89
58
81
110
74
43
112
77
88
207
97
64
146
73
115
162
106
112
66
112
67
157
71
55
78
95
50
74
96
103
203
52
76
87
182
57
170
45
99
83
163
74
153
94
45
104
159
186
63
110
49
39
56
108
76
78
68
43
69
79
156
92
69
92
88
45
74
100
55
69
112
123
153
17
81
201
216
59
210
89
101
210
73
139
144
89
98
118
96
106
87
73
144
79
96
65
53
61
96
105
65
60
95
60
73
82
205
66
95
193
62
73
45
82
75
76
72
85
39
43
84
155
104
109
147
140
67
78
181
51
201
92
83
77
63
63
61
100
39
39
38
205
67
53
178
80
89
57
101
158
62
208
198
86
88
82
60
41
91
129
65
103
94
74
83
50
217
77
51
81
222
39
221
89
77
79
108
57
140
105
109
52
97
60
51
187
141
110
102
124
112
109
113
68
194
95
218
77
196
83
181
157
57
83
99
173
78
77
108
79
39
75
83
50
85
207
53
53
113
45
116
60
94
180
94
175
178
105
65
165
67
109
70
105
86
75
63
174
106
111
97
200
81
79
102
93
107
100
114
118
92
95
151
77
43
221
179
40
88
96
97
86
85
88
37
91
145
42
66
52
67
212
67
173
185
126
73
159
49
218
112
104
99
205
100
199
69
70
214
63
137
130
65
88
138
102
38
89
79
79
78
96
174
90
59
38
78
65
182
172
104
150
107
174
99
90
53
75
220
96
60
208
122
223
45
103
144
164
91
117
53
84
208
99
70
120
152
86
100
185
78
41
223
65
110
45
112
104
50
80
82
111
55
182
49
163
139
113
47
98
85
105
101
95
82
159
93
130
87
93
54
171
49
201
63
61
55
54
124
61
197
66
111
110
80
171
57
76
115
108
201
113
78
44
104
56
80
142
201
83
90
106
88
176
106
186
220
160
101
86
110
199
113
44
112
44
69
81
69
217
223
38
57
55
53
122
63
151
93
152
112
174
205
63
157
83
86
72
61
61
86
91
206
60
103
84
204
144
80
187
218
158
71
82
94
47
87
56
76
96
85
62
89
167
86
106
124
55
57
110
104
80
106
73
169
62
93
150
130
59
47
73
49
110
43
81
112
42
80
171
78
38
84
108
67
75
217
178
65
93
38
108
72
99
59
44
43
76
46
60
55
68
177
103
129
109
92
98
219
82
123
191
60
123
55
152
52
108
45
74
169
132
94
74
103
212
123
74
215
85
92
85
68
42
54
52
84
83
159
84
61
56
41
41
107
89
72
97
86
172
99
95
74
75
104
154
86
85
106
49
91
42
137
100
195
110
40
85
127
96
171
76
85
171
109
38
38
105
42
62
46
216
105
162
119
94
193
38
83
124
43
81
106
91
93
100
185
92
198
90
76
56
88
189
83
213
49
54
97
108
44
106
38
61
87
201
210
221
216
73
106
69
94
85
79
104
161
128
108
104
75
55
68
177
201
174
148
84
81
83
88
109
105
74
64
78
145
71
52
114
120
86
55
191
106
58
63
82
70
53
190
155
40
90
159
85
113
96
108
134
173
220
71
68
79
168
106
42
107
176
104
105
98
90
115
177
92
98
39
43
102
95
103
201
103
95
126
97
106
67
88
110
63
109
104
83
144
98
86
82
81
168
116
221
106
165
38
103
134
98
166
43
57
149
93
56
206
152
168
47
102
120
169
108
42
41
125
100
94
156
157
65
66
81
42
77
137
57
109
101
153
176
57
78
127
177
54
50
132
47
50
81
48
126
126
222
104
188
42
51
102
111
58
76
83
85
61
112
62
92
186
163
163
52
52
152
79
55
62
74
59
63
40
41
97
39
50
70
97
51
78
60
205
45
71
47
65
99
223
138
105
57
107
49
60
80
107
108
80
81
142
97
45
53
90
10
107
67
97
190
101
111
79
72
126
118
198
91
102
78
98
63
64
61
95
75
73
171
57
76
190
107
109
72
73
85
99
87
100
78
62
97
40
88
148
74
100
107
72
123
45
47
109
132
76
87
107
104
101
45
54
102
89
54
180
57
169
49
142
75
113
130
108
74
79
77
64
87
66
79
70
90
75
58
53
101
22
48
46
39
65
45
108
55
87
90
163
93
45
102
40
89
94
111
122
132
66
44
62
44
89
111
67
87
41
56
84
79
201
70
78
107
86
52
44
118
81
110
121
135
60
51
50
74
61
214
51
47
46
141
154
101
153
85
99
109
3
145
79
154
51
78
124
75
97
96
61
89
65
56
104
181
65
38
53
10
167
95
104
171
90
109
85
87
185
45
51
146
44
113
89
110
72
67
101
68
94
166
88
51
45
55
155
88
97
88
178
143
86
96
73
213
93
49
42
99
148
41
103
186
100
144
62
52
138
84
47
136
62
177
95
38
38
88
126
106
189
64
176
48
95
109
45
56
83
58
45
147
107
104
45
163
99
79
207
98
61
90
112
195
175
89
93
64
48
198
139
131
196
63
133
84
97
185
49
214
67
110
72
93
129
40
56
131
39
221
218
101
47
214
100
56
80
186
65
54
81
106
51
85
107
155
90
194
156
99
67
74
121
107
107
54
77
86
70
96
109
41
71
138
52
118
49
113
69
102
43
44
67
51
109
77
77
38
73
65
198
80
111
44
50
44
76
97
112
111
103
136
108
50
41
57
73
110
59
92
109
220
48
57
108
90
51
209
166
83
87
57
94
47
108
97
86
42
113
51
110
38
94
145
204
168
164
183
142
63
152
105
68
67
101
137
185
83
50
214
100
60
102
109
52
206
74
41
72
61
135
166
95
172
88
54
110
45
66
111
72
46
169
217
102
56
93
78
70
42
53
153
203
111
74
51
138
94
75
58
114
107
168
66
110
79
102
117
197
44
184
109
96
48
45
107
181
174
132
47
106
111
60
71
180
46
94
55
84
111
84
134
86
51
167
77
203
54
126
69
131
62
181
220
160
137
172
140
112
94
77
75
55
216
74
85
140
155
111
88
83
185
95
206
95
45
74
155
113
38
80
189
66
205
111
70
151
57
54
106
49
46
135
99
77
68
107
94
112
64
131
71
98
81
50
42
68
93
54
110
95
90
177
104
68
101
89
155
100
221
218
83
101
62
75
80
108
99
92
164
48
94
64
44
51
50
66
96
94
177
105
98
84
141
49
86
88
103
118
54
52
48
76
58
43
63
110
103
76
220
204
189
43
78
222
77
172
105
77
199
142
40
87
66
194
43
92
95
79
99
71
164
108
205
190
104
147
86
79
48
130
86
59
81
88
193
108
189
108
40
208
101
58
127
63
59
219
95
112
110
63
41
78
90
177
169
112
64
219
80
61
108
69
105
74
177
119
164
168
95
39
217
181
79
196
54
57
80
42
83
148
50
6
97
82
198
96
99
80
60
112
124
105
68
108
105
86
44
51
89
223
80
106
61
80
129
70
117
85
90
86
81
91
73
53
97
89
106
89
74
134
173
81
62
106
160
199
91
83
42
114
187
178
87
55
43
40
182
145
53
119
44
73
216
51
60
128
61
99
198
103
62
59
53
91
106
86
77
134
110
25
68
94
70
70
99
39
198
110
103
84
86
50
134
73
150
148
86
92
121
92
195
72
60
81
68
141
107
105
136
181
49
84
46
83
152
73
53
70
81
65
83
69
88
42
58
175
147
96
42
83
101
132
42
80
164
66
117
93
38
93
74
60
83
199
79
78
50
46
188
79
80
168
87
59
111
92
45
88
49
83
63
55
106
171
190
197
221
205
60
42
92
76
169
45
74
70
82
66
93
73
166
96
124
90
85
106
66
47
106
110
102
48
78
178
196
83
141
216
162
101
97
102
106
95
60
70
155
108
121
76
107
54
84
163
38
42
105
48
81
223
47
117
74
84
76
221
89
57
86
96
38
76
77
99
90
65
69
192
89
54
41
82
79
200
79
53
65
195
56
43
153
68
136
86
110
89
74
96
59
139
94
91
107
50
75
133
74
105
106
72
64
98
205
83
110
55
66
143
102
66
95
139
90
79
96
80
150
72
74
61
98
81
94
80
43
67
144
143
148
110
44
75
86
105
89
108
107
52
54
52
95
57
87
110
82
139
183
167
52
77
67
186
99
200
85
211
55
112
58
50
106
87
76
41
51
90
66
111
81
44
178
86
78
48
221
106
113
83
200
50
108
99
120
113
97
73
91
134
55
101
151
60
93
113
85
130
94
43
173
108
99
84
86
91
48
46
105
47
44
139
90
144
95
47
221
193
84
192
112
106
83
136
48
69
113
77
176
61
142
223
79
47
83
110
79
158
139
65
45
52
106
110
112
59
99
137
55
53
65
41
100
75
80
103
50
183
51
45
83
74
58
137
133
50
209
163
82
108
206
196
110
106
54
164
68
58
215
84
52
108
110
79
42
107
86
68
62
129
64
105
108
79
105
128
94
52
48
76
191
84
87
149
46
85
70
80
165
60
63
149
97
54
184
61
79
199
68
101
182
54
100
209
78
56
147
92
68
68
57
89
144
113
149
48
98
62
34
23
60
64
39
102
127
73
46
74
62
90
216
121
48
76
67
44
84
92
191
207
77
84
187
107
107
84
82
86
100
112
111
109
89
60
40
50
130
115
72
108
59
78
48
183
90
62
98
148
102
64
16
223
90
39
211
172
77
108
108
174
77
42
100
56
117
112
102
209
77
63
184
177
104
156
97
59
85
169
185
61
106
150
88
44
79
154
143
219
50
64
83
91
59
71
67
217
206
40
73
68
74
98
59
82
45
99
55
60
81
204
80
44
70
109
220
222
129
54
88
58
86
207
63
200
89
65
223
82
88
79
58
66
107
38
67
78
76
159
66
54
44
141
73
102
111
183
223
41
189
92
62
204
59
167
178
106
132
79
195
172
57
157
91
111
49
207
106
54
73
199
131
44
220
91
87
55
117
172
83
54
40
50
66
183
79
39
62
120
72
51
42
61
81
106
190
108
58
88
133
98
105
50
97
106
43
88
82
100
74
213
78
88
177
152
198
99
4
150
181
83
43
100
94
75
86
79
62
62
110
106
79
127
60
141
208
38
145
55
117
73
184
212
112
96
148
100
62
123
107
54
192
50
63
86
162
80
109
113
66
103
145
80
71
51
136
101
182
91
97
103
105
107
153
49
215
91
112
83
60
69
108
68
75
43
105
80
78
190
117
188
144
108
125
139
84
81
137
73
75
60
74
82
122
82
78
60
93
70
91
106
50
47
84
102
61
126
85
203
94
61
68
94
87
113
47
96
89
64
92
83
222
108
117
179
212
165
94
68
97
172
62
66
83
56
93
65
44
100
43
47
104
51
78
47
194
105
102
132
149
183
62
176
110
42
82
127
105
89
53
194
91
195
40
103
99
72
92
78
199
170
40
103
53
61
215
219
100
140
98
201
41
59
172
108
207
202
98
55
69
157
121
80
100
56
71
152
223
154
211
60
152
95
99
170
108
110
91
72
106
63
59
107
100
106
43
111
140
57
147
76
68
87
81
64
57
42
76
54
110
89
109
116
80
135
197
94
103
47
219
67
154
173
57
97
46
110
184
148
153
164
38
54
111
41
109
95
45
200
44
80
202
99
105
90
170
79
155
219
170
92
63
38
58
219
91
94
86
155
45
190
90
74
67
80
43
112
108
47
85
111
61
44
74
48
154
222
78
168
29
80
81
45
63
85
48
148
95
55
106
86
109
209
89
108
103
53
110
11
50
98
54
48
88
59
47
206
202
66
55
101
49
209
223
101
70
99
79
86
81
141
87
194
76
60
74
108
41
46
101
222
76
177
146
92
75
110
115
52
109
102
40
39
46
75
168
94
44
48
55
174
92
110
46
108
57
48
95
202
94
158
201
47
99
49
112
65
90
101
95
90
79
194
141
83
82
99
63
38
39
53
89
50
78
109
108
93
58
48
200
43
92
154
212
145
26
54
97
125
60
99
91
130
187
40
77
111
98
168
217
56
121
132
95
42
82
98
62
106
63
76
72
108
64
111
73
103
82
91
64
104
51
88
139
47
82
135
81
96
49
102
8
61
105
109
195
180
85
111
103
88
127
108
97
36
179
113
83
113
86
61
191
46
41
77
107
79
18
88
75
72
98
71
89
39
39
186
67
150
113
170
173
67
97
127
65
90
80
65
113
39
84
190
89
51
45
141
211
76
186
108
110
105
76
89
133
222
80
179
99
195
42
113
113
101
144
60
87
55
117
99
95
96
183
195
44
74
95
96
113
108
60
110
41
124
63
110
97
101
42
111
143
206
170
66
185
93
80
72
96
65
48
97
69
53
51
91
92
102
107
74
72
44
147
221
84
65
105
56
99
117
69
93
217
57
41
126
70
172
73
80
89
39
167
182
209
58
77
197
58
108
55
148
39
218
163
58
49
149
89
74
188
40
110
130
43
219
128
93
86
114
100
107
154
64
88
89
55
119
68
93
51
51
65
112
87
111
76
49
161
44
153
47
110
100
98
58
215
74
85
98
105
76
92
49
165
83
189
107
107
98
90
95
78
76
219
85
106
182
126
105
105
71
53
35
75
112
111
105
80
150
81
55
72
68
63
61
39
98
119
128
95
52
77
108
70
43
2
108
72
64
84
66
57
77
170
59
140
50
129
134
68
168
212
94
108
69
120
75
97
106
189
93
185
100
101
88
80
89
90
85
47
74
44
163
104
145
60
101
53
87
84
75
123
96
143
90
98
64
91
75
98
85
118
64
182
215
79
77
83
67
45
142
196
97
85
51
38
108
43
41
80
40
74
45
67
171
125
57
70
190
77
98
170
75
73
112
50
78
220
72
53
195
58
77
81
80
82
107
93
119
176
50
153
96
108
107
60
106
46
80
73
82
105
67
124
201
112
38
69
107
59
108
79
102
55
55
80
86
43
49
95
61
85
96
53
62
84
81
50
64
185
109
72
106
75
49
65
207
85
79
103
99
57
69
81
47
38
84
128
182
78
92
84
75
100
105
77
109
142
112
90
124
69
41
118
52
79
107
69
57
214
109
147
88
106
78
81
70
199
89
58
203
217
117
88
80
93
52
108
173
74
96
56
40
47
103
39
124
168
45
83
99
38
71
157
88
73
58
72
72
113
64
69
193
110
139
82
73
73
162
51
76
75
206
89
96
107
147
41
187
129
78
44
112
41
130
42
105
89
66
70
92
79
64
121
123
33
161
64
100
208
75
57
93
65
100
58
66
89
59
46
70
49
67
89
51
42
86
101
110
148
141
67
68
109
112
168
96
66
56
46
77
200
77
73
59
84
192
186
82
128
84
193
108
89
108
68
105
218
130
99
40
101
89
79
81
74
46
38
164
106
7
76
102
95
216
40
148
218
104
198
88
139
57
61
113
112
91
92
80
86
123
49
105
85
75
118
75
68
96
38
216
83
105
108
187
173
133
204
186
211
205
104
62
82
84
137
111
109
57
72
159
107
100
57
93
168
65
219
87
88
163
195
168
105
84
103
44
105
78
83
50
79
112
83
41
73
147
55
203
103
83
86
43
75
169
87
96
39
86
56
83
90
139
55
111
63
188
105
118
86
78
190
170
101
67
40
91
93
63
163
155
97
45
104
208
46
127
82
38
57
60
56
62
50
106
102
107
111
101
104
58
140
80
128
64
124
45
184
68
143
147
92
100
87
52
105
102
97
75
102
82
68
138
95
65
112
80
216
53
58
107
106
58
89
44
159
100
112
191
52
162
164
206
61
91
191
210
87
188
78
92
72
65
82
113
150
67
80
203
62
75
170
91
72
45
148
91
82
113
78
128
80
89
77
48
122
185
91
80
138
49
42
104
51
136
93
61
113
119
105
103
43
50
184
94
77
85
110
124
150
95
80
96
159
98
215
191
84
93
82
61
14
46
102
61
38
53
91
110
40
88
58
63
173
47
190
53
99
84
67
70
45
79
62
215
222
76
81
132
82
222
39
105
101
48
158
74
105
203
75
135
78
67
9
96
105
3
173
101
39
45
74
90
45
60
46
178
81
41
189
75
200
111
221
109
66
71
76
125
112
87
60
91
45
85
212
61
105
101
183
168
162
44
95
67
95
91
109
156
107
127
129
71
88
129
105
65
106
212
56
62
156
46
43
82
46
102
99
102
76
47
186
137
109
218
76
95
81
57
82
87
112
82
41
45
191
79
72
59
62
91
138
61
88
57
41
107
220
59
67
69
102
90
185
68
59
134
57
69
106
61
145
51
54
59
94
171
61
91
69
88
61
66
108
214
163
213
61
92
57
44
96
50
61
44
162
58
98
187
65
135
218
57
162
122
88
139
91
89
57
126
181
77
86
205
210
109
110
46
108
40
97
41
171
98
67
66
59
138
102
105
68
129
100
198
39
105
144
97
85
217
101
49
149
206
80
106
218
54
71
53
82
84
160
194
93
68
44
56
75
169
86
90
112
86
123
86
91
94
70
62
77
51
48
136
94
72
65
87
163
72
41
126
219
71
78
180
204
209
161
65
62
124
98
82
178
102
38
44
223
98
93
62
54
38
82
110
57
100
108
98
81
104
166
88
180
59
90
85
112
73
77
142
156
124
218
103
219
177
110
112
69
101
84
50
162
91
85
54
70
37
57
59
42
104
105
107
206
79
210
93
178
88
190
79
78
49
88
99
168
97
96
128
57
43
54
80
178
39
109
141
84
95
111
99
113
69
148
215
209
164
138
80
56
78
87
51
76
172
156
202
59
172
84
214
84
113
92
50
154
90
85
78
49
70
89
53
91
84
63
74
56
63
107
38
75
166
100
46
109
96
77
53
70
76
82
99
94
171
141
135
52
93
133
77
104
110
63
150
133
45
86
178
53
79
146
91
83
58
218
60
121
56
84
113
74
111
111
95
101
98
85
91
76
145
93
111
55
101
136
106
104
126
49
67
66
106
48
94
52
94
89
108
46
58
68
74
99
38
75
86
100
88
146
20
99
69
107
80
55
90
72
64
101
141
92
49
73
66
90
178
94
84
176
90
54
93
76
97
64
56
108
42
60
219
49
43
204
93
49
72
77
99
112
44
176
63
88
212
51
190
197
89
123
105
50
99
128
46
110
45
70
92
87
98
67
80
76
107
40
210
73
93
49
97
107
79
68
89
99
92
52
88
206
96
92
125
113
53
53
203
95
197
129
105
70
186
194
194
134
136
54
108
79
176
67
100
77
49
171
96
111
55
103
164
190
79
190
107
66
73
58
85
43
89
85
67
48
147
113
73
59
206
78
113
38
44
84
109
104
85
60
131
206
70
109
180
103
39
77
175
57
103
77
88
48
97
42
103
40
85
159
161
91
107
71
60
92
90
63
85
83
50
82
114
72
98
79
102
193
59
66
47
44
94
222
48
47
82
174
100
173
94
71
89
91
107
72
78
144
54
43
100
61
139
197
66
59
199
83
61
40
110
91
94
94
202
86
55
87
222
96
108
108
65
81
45
76
132
66
70
138
58
46
159
180
146
104
74
149
176
127
44
110
56
144
93
42
67
80
79
134
58
102
211
79
118
144
161
115
189
95
185
105
44
84
100
63
92
193
94
77
50
58
156
81
77
59
76
80
56
77
100
109
42
71
79
57
84
223
109
82
184
161
92
105
108
211
98
66
69
105
144
53
87
104
87
54
83
91
66
212
111
82
51
90
155
89
105
167
123
112
101
78
87
38
102
126
162
60
152
65
205
137
107
114
174
166
127
61
111
92
105
96
40
118
109
55
76
157
182
75
94
160
111
60
94
126
54
82
79
112
46
14
92
91
103
79
62
56
145
174
77
88
96
22
38
182
189
210
99
87
39
66
91
52
109
142
77
78
96
143
59
111
164
92
202
115
50
105
85
147
54
114
87
107
46
104
197
128
81
167
66
113
95
123
53
61
103
65
222
88
180
48
76
87
118
194
96
86
49
63
57
51
77
62
190
54
15
92
103
109
172
81
68
104
95
185
185
191
47
38
65
105
87
47
72
148
113
126
89
48
97
56
49
65
128
181
97
81
67
58
76
113
68
44
77
47
111
98
51
104
215
176
173
147
99
63
62
71
97
53
104
192
85
205
50
78
90
84
120
50
94
103
207
72
51
85
3
50
85
86
192
69
67
45
63
102
191
82
56
74
81
72
187
92
101
42
170
66
218
47
98
108
197
84
62
98
100
63
129
107
115
144
97
62
75
77
88
54
103
44
171
62
105
98
156
112
95
118
98
43
75
103
199
135
67
88
111
158
108
139
189
97
71
100
108
89
72
85
89
177
76
134
40
55
102
192
60
56
174
109
76
55
60
139
47
65
181
98
185
120
65
118
186
113
59
221
103
168
214
197
112
64
119
50
60
40
82
48
105
56
79
66
108
50
169
156
67
61
129
219
59
42
50
223
164
89
198
69
216
110
83
41
79
102
103
57
84
94
38
83
48
107
96
103
41
91
105
55
74
114
52
54
95
62
60
58
174
168
50
87
108
185
106
189
179
97
56
112
123
64
71
108
113
95
64
115
85
150
108
72
103
208
74
150
97
85
106
94
94
70
45
60
221
106
75
39
84
83
72
52
38
67
60
42
210
87
89
96
158
31
65
216
40
82
54
88
90
73
48
101
106
65
53
70
168
96
136
73
44
168
216
83
64
108
105
66
66
100
70
43
75
93
58
124
92
54
73
51
110
70
87
211
51
190
82
107
113
139
47
159
193
99
70
88
108
89
47
98
39
66
90
112
85
86
223
35
202
148
70
98
108
219
99
103
112
56
99
58
99
97
41
75
40
101
53
215
87
63
95
39
45
215
103
44
83
44
89
115
98
153
103
109
79
214
100
69
139
175
54
54
185
56
170
81
66
56
131
145
108
79
60
199
165
103
95
193
75
96
103
82
50
101
133
90
62
191
77
125
200
54
48
57
77
99
64
89
52
86
42
93
159
92
51
142
123
101
84
110
80
66
63
120
181
75
78
89
140
80
172
107
135
73
214
55
86
56
56
40
98
89
84
78
46
94
199
75
105
58
128
58
135
179
92
84
43
185
85
53
96
65
83
58
97
97
72
178
62
158
41
113
83
97
104
84
99
121
80
105
112
101
90
87
124
92
87
91
77
79
88
158
159
46
210
104
186
103
41
75
77
162
97
38
43
53
47
106
92
87
206
44
65
51
146
109
113
108
107
115
126
91
43
52
80
58
110
80
72
209
53
53
61
44
100
106
66
57
46
76
121
55
169
48
176
52
0
89
140
43
45
120
112
187
96
163
96
143
109
179
105
80
197
106
63
150
108
73
82
101
113
150
44
131
141
79
63
102
72
58
122
97
81
78
50
47
96
55
66
75
94
92
138
105
97
113
38
92
53
100
112
47
80
97
144
49
216
58
55
87
14
106
135
95
145
104
67
106
107
77
189
50
88
53
121
178
83
145
78
110
182
49
40
53
221
44
73
92
102
78
54
93
144
91
111
92
176
212
75
60
215
68
111
172
149
77
156
45
92
40
72
43
49
199
39
41
101
84
110
62
92
47
201
44
62
72
93
186
187
127
68
55
112
175
126
71
89
101
79
214
48
91
87
165
58
95
40
41
14
91
74
63
136
43
92
100
50
42
109
104
213
66
57
80
74
95
87
80
94
109
84
69
95
88
71
118
79
109
142
53
155
98
102
112
69
68
140
81
205
54
113
68
65
74
110
89
110
80
201
80
100
62
88
215
99
79
85
207
86
54
87
48
209
62
68
39
100
112
169
148
46
162
98
182
109
72
111
50
175
179
196
43
144
217
65
68
154
173
78
161
62
40
104
46
112
64
86
113
63
56
84
49
74
71
82
68
79
179
97
77
142
57
139
45
67
44
83
45
84
223
160
57
64
47
97
210
88
65
101
69
176
42
68
102
54
106
49
84
106
171
55
176
165
86
69
219
116
110
95
69
92
90
103
91
106
89
89
130
84
41
129
93
109
50
158
84
94
42
104
109
184
52
80
183
215
113
211
52
61
206
94
212
112
124
41
141
84
108
96
106
80
63
162
110
41
82
45
98
54
98
106
47
73
223
42
77
198
81
66
50
32
177
90
111
111
93
93
148
45
152
178
44
52
50
113
112
75
210
107
47
211
58
78
88
80
151
101
51
102
98
98
105
168
127
111
47
68
53
108
107
7
102
62
38
74
83
101
102
97
76
65
84
39
89
199
46
60
88
89
52
65
100
80
79
87
51
113
181
110
74
67
42
93
130
113
101
90
110
111
97
161
109
78
111
51
158
106
124
92
102
52
178
60
105
132
100
88
101
107
112
68
142
85
51
41
189
48
89
85
94
131
48
219
84
101
76
85
162
65
100
219
62
54
221
216
81
55
133
214
45
99
187
71
102
109
100
111
65
170
102
111
108
133
108
222
106
97
42
112
111
215
50
217
86
93
33
101
89
51
124
90
100
197
165
45
76
40
222
144
197
67
80
71
88
73
191
73
52
77
67
83
81
127
51
61
89
60
42
209
78
122
109
48
48
98
43
71
92
97
109
99
93
42
90
54
86
203
210
40
79
54
58
76
110
147
106
68
76
107
201
38
128
57
214
21
75
169
95
85
190
89
96
127
101
134
71
79
79
84
76
215
47
110
101
67
184
85
144
56
62
214
112
40
46
90
79
54
90
63
75
88
110
166
93
168
196
101
105
43
75
39
109
58
76
185
173
74
164
120
115
147
74
104
92
111
217
83
137
107
72
75
59
128
71
148
70
100
46
66
55
100
80
154
77
86
61
103
180
78
130
186
67
102
108
77
185
104
86
142
100
40
102
93
90
84
87
45
76
56
82
48
101
110
170
158
109
81
71
114
91
84
67
79
40
111
87
83
78
192
94
180
75
96
209
223
78
184
213
89
56
139
111
83
100
175
47
201
88
162
113
138
85
91
142
79
81
65
44
179
46
90
193
98
42
75
52
84
105
137
99
135
61
222
58
124
66
96
43
80
88
65
87
91
104
171
59
218
65
83
39
96
176
81
186
103
92
92
44
63
50
67
58
90
68
103
84
65
61
205
74
87
56
223
85
68
101
81
207
69
156
97
48
64
79
112
81
96
110
45
86
134
95
41
194
120
221
98
79
188
142
165
151
73
123
120
107
109
107
189
79
100
89
67
83
95
135
95
175
187
50
140
98
113
136
61
90
220
108
110
106
59
90
48
81
107
135
40
84
51
74
59
205
110
65
94
112
151
74
48
51
141
64
98
79
47
82
221
169
84
183
61
40
199
91
48
74
168
221
47
181
63
214
38
97
40
75
75
112
40
96
46
97
65
82
95
110
162
84
55
181
52
76
51
64
112
100
66
93
68
62
109
89
40
121
95
80
129
146
51
141
79
86
55
110
129
52
204
48
78
102
71
54
103
155
184
41
38
147
98
101
111
197
42
128
113
72
64
110
107
51
84
48
101
120
139
56
74
150
93
85
175
55
187
46
98
75
79
44
43
62
193
108
182
92
158
93
61
57
39
58
59
168
48
55
67
71
208
104
161
55
80
86
102
102
93
77
93
154
55
54
77
82
214
44
120
142
40
145
84
164
76
91
165
203
143
212
66
47
43
109
117
92
53
80
78
38
167
80
54
112
74
47
50
155
162
44
70
65
88
90
83
95
56
57
185
77
177
78
112
181
181
93
176
62
75
103
157
122
109
133
148
105
105
70
70
76
103
46
42
156
78
147
53
72
145
43
82
83
76
46
189
66
116
92
188
102
78
88
108
56
91
133
40
53
39
49
89
110
100
94
91
89
99
74
80
79
122
153
109
216
141
28
141
87
68
68
184
40
186
61
74
65
69
159
62
68
49
94
95
119
54
115
106
87
57
212
101
86
66
80
157
92
76
106
47
164
200
60
49
63
143
63
78
42
51
110
44
68
99
88
75
68
101
39
78
205
155
72
172
56
58
94
102
80
151
200
46
56
158
90
101
40
40
94
54
115
103
61
56
94
105
108
46
101
92
126
207
107
96
71
144
81
106
104
92
41
111
100
165
48
113
65
113
43
80
67
78
97
82
95
219
94
70
170
218
93
112
108
76
40
74
174
103
55
100
163
78
81
208
92
153
188
159
28
113
57
146
98
45
77
48
192
92
108
171
76
50
46
71
126
78
65
106
81
67
99
73
78
109
46
111
75
127
71
107
97
78
113
40
172
66
161
59
101
99
78
101
95
106
96
107
49
165
104
69
92
72
126
220
57
101
71
161
78
67
90
76
181
156
90
97
62
89
39
86
66
178
170
98
88
71
215
41
139
87
84
156
69
110
52
75
203
151
71
94
203
100
70
221
86
61
170
84
78
82
108
54
79
103
40
82
42
74
41
53
41
106
81
96
88
102
50
154
81
82
63
92
92
75
74
177
154
67
66
77
96
40
86
109
126
49
163
112
93
119
110
93
118
96
222
82
59
90
40
41
64
93
90
89
212
113
78
38
63
137
160
50
63
131
84
163
97
79
92
73
46
101
134
84
99
139
87
42
85
80
154
52
146
54
86
119
89
113
52
59
138
53
186
113
108
139
74
90
109
46
124
70
67
221
181
98
87
182
94
45
76
70
50
39
113
57
88
112
96
92
41
76
147
41
102
66
192
136
105
56
50
92
41
99
95
167
74
53
47
45
76
113
107
50
71
42
45
65
94
98
40
86
86
52
41
82
52
91
102
217
75
111
190
80
52
104
100
80
106
91
140
76
95
108
71
216
54
45
124
94
105
142
83
85
58
106
113
106
83
79
43
79
43
179
131
86
186
103
111
93
154
55
38
111
128
156
202
220
144
54
51
70
127
173
73
108
39
75
70
105
87
60
212
203
91
89
79
153
193
78
56
208
63
113
130
66
105
48
109
87
53
64
52
72
84
54
38
61
38
76
111
85
45
111
146
59
69
116
44
157
183
133
109
98
103
218
55
63
82
83
73
73
88
193
112
52
74
108
107
67
42
64
84
195
184
204
71
69
74
222
102
102
169
94
38
85
205
194
85
142
89
102
99
74
178
158
68
62
42
97
114
59
63
73
112
99
75
104
40
69
117
127
74
77
52
94
49
79
81
69
60
170
107
77
50
172
55
84
90
70
90
195
215
76
135
94
167
133
198
65
47
38
86
55
87
97
153
113
105
80
201
52
9
58
93
107
113
76
65
78
99
166
90
60
47
74
107
71
103
100
39
68
102
146
82
41
109
111
79
46
43
91
182
91
71
90
84
59
38
54
92
217
79
181
70
75
46
86
83
99
60
58
116
100
128
67
95
153
80
182
206
41
61
150
86
119
176
49
41
39
91
213
95
59
56
85
109
53
101
66
104
104
182
71
67
215
210
85
46
85
53
137
125
61
49
42
111
223
97
100
65
78
209
49
56
193
83
71
98
113
90
123
181
91
78
62
96
89
53
100
107
85
75
52
71
75
72
157
106
53
183
148
113
113
108
97
101
171
110
47
216
104
60
199
149
48
55
58
192
107
88
92
109
43
58
196
138
84
101
60
48
44
106
58
60
215
44
112
42
84
45
106
66
50
39
76
133
99
66
85
74
102
87
55
104
132
86
77
160
106
57
92
110
126
171
176
70
71
86
90
56
104
100
92
60
72
81
43
65
61
64
74
70
92
143
88
190
57
127
78
72
75
111
156
156
92
67
50
202
79
80
113
93
80
101
62
107
52
161
108
69
100
112
91
98
80
187
207
91
207
113
75
137
86
81
177
167
95
88
94
108
156
73
47
177
75
100
108
188
76
88
44
173
81
41
90
108
104
51
89
109
189
73
92
177
144
39
170
188
101
88
127
87
108
96
190
95
188
83
108
99
89
103
185
69
108
41
70
81
189
185
104
13
214
181
129
74
80
82
68
72
85
46
136
87
97
104
108
45
110
93
80
77
183
95
67
75
62
86
106
161
96
104
150
40
112
216
204
176
40
102
112
38
74
57
131
152
64
106
199
110
53
100
212
215
119
48
71
215
62
105
49
57
181
216
46
43
86
94
57
92
84
144
102
108
52
89
188
110
135
90
110
48
151
81
79
157
76
100
99
65
76
57
86
112
105
81
79
40
72
197
45
81
85
113
103
94
54
108
213
83
141
94
105
78
100
42
90
52
65
103
49
105
111
82
41
81
215
88
50
81
156
207
92
64
63
87
180
72
206
106
69
78
218
43
110
93
48
79
79
38
180
90
111
115
70
81
64
94
108
97
89
69
129
99
136
75
119
98
84
93
188
102
55
140
99
64
53
220
90
45
61
39
85
40
42
184
93
89
210
88
182
105
114
163
54
38
54
211
58
113
104
86
72
96
89
123
73
119
3
167
162
133
117
59
104
75
183
90
130
152
50
211
86
177
119
132
40
74
83
84
49
52
99
141
93
94
50
113
51
60
95
135
42
67
185
211
83
112
178
55
70
55
137
112
125
119
46
42
177
197
85
106
41
84
163
109
49
139
113
41
94
51
40
179
110
138
97
176
39
80
118
213
109
89
44
167
46
96
142
94
72
56
85
108
38
80
69
44
74
92
50
57
99
90
191
81
193
53
84
102
160
106
201
94
61
93
79
84
194
178
62
206
108
91
94
42
91
204
118
100
59
61
109
56
42
113
103
23
166
149
164
52
49
121
47
220
102
181
158
53
52
41
64
119
106
217
75
51
153
194
42
45
85
46
111
46
107
104
60
205
75
48
127
110
76
93
75
79
100
223
145
60
92
45
48
57
47
111
55
109
111
106
94
46
73
89
219
50
74
135
38
94
51
80
76
85
99
61
112
81
113
101
105
106
55
192
41
174
23
116
51
73
75
105
50
60
177
38
43
75
103
196
83
196
43
42
69
68
44
100
63
56
147
101
89
55
56
116
95
48
135
87
43
74
57
170
74
91
148
68
74
85
97
56
111
41
82
217
87
72
93
193
91
83
119
143
100
59
99
124
198
93
145
210
90
61
52
51
109
86
93
64
41
104
108
48
54
90
97
102
161
187
101
57
84
218
41
105
75
78
137
46
99
110
215
98
111
161
46
67
73
107
139
83
136
130
116
144
87
111
197
98
46
82
120
89
200
91
103
101
59
81
66
104
139
98
179
107
93
45
38
66
108
66
140
89
110
87
67
150
168
66
96
161
95
73
76
191
38
90
175
89
96
152
86
107
102
142
110
100
74
61
175
96
79
96
59
96
93
105
160
103
87
186
70
149
112
189
38
79
181
168
63
71
83
59
188
101
81
56
112
86
167
66
102
109
69
65
82
81
81
70
78
163
86
68
108
151
94
151
218
113
67
40
170
48
81
84
89
105
108
77
87
110
88
52
83
45
78
151
71
48
62
75
80
202
57
214
64
114
165
66
62
70
102
78
91
106
60
137
76
112
65
201
62
85
88
74
107
172
83
210
76
71
50
119
12
109
192
110
102
107
181
65
112
93
137
73
190
88
159
146
222
65
55
74
74
102
116
109
101
102
102
101
66
139
50
112
61
102
144
77
89
134
53
110
213
51
89
45
39
143
97
112
47
53
101
54
126
179
65
212
38
47
113
85
109
97
81
56
159
91
59
51
94
91
219
150
73
53
220
40
97
93
63
61
48
45
100
223
59
82
99
140
84
88
119
220
74
187
135
171
77
183
80
96
99
90
199
102
80
102
203
111
58
79
84
43
188
46
100
40
174
94
170
46
87
47
97
137
91
123
39
86
89
86
38
71
104
104
176
99
111
50
75
85
91
124
63
203
67
98
112
89
123
107
154
62
39
72
69
90
165
52
97
52
69
189
97
78
39
119
91
47
90
106
119
178
209
185
56
39
146
108
167
88
75
173
44
107
78
200
90
59
51
218
46
199
158
84
102
89
73
82
158
157
211
102
73
98
117
82
104
105
136
113
81
53
75
211
86
89
81
72
193
139
92
122
158
88
62
171
78
67
111
92
84
74
176
73
124
223
168
153
108
160
111
89
110
77
51
112
32
69
49
67
97
111
83
41
78
45
65
64
77
110
94
93
83
101
61
45
175
211
84
50
106
58
94
82
95
61
88
68
195
133
38
111
81
64
112
83
46
215
156
47
74
73
100
53
154
83
42
109
99
78
89
64
41
142
62
158
83
71
115
81
188
70
79
90
55
39
93
114
200
40
54
92
76
100
64
108
90
98
211
77
58
40
97
38
102
90
79
75
188
57
129
183
136
38
76
95
88
72
63
45
111
97
104
51
86
85
113
76
109
60
103
133
57
92
179
195
72
77
104
48
42
47
108
141
104
94
112
144
87
140
60
80
164
59
63
139
77
58
81
92
108
100
99
76
42
89
110
102
101
42
172
91
72
152
177
41
102
103
76
162
221
125
65
85
108
96
84
96
59
128
85
101
175
145
57
80
173
59
89
60
91
144
50
78
104
40
42
192
39
43
222
210
136
66
92
68
81
82
104
220
88
52