# 50000 50000
74
44
73
61
80
93
79
268
83
298
62
66
49
225
83
323
235
140
92
205
46
65
59
47
83
54
340
274
286
133
89
72
82
89
69
40
78
89
254
140
43
77
57
57
43
338
64
96
38
70
42
78
265
85
96
180
45
84
52
55
79
213
85
34
96
244
318
170
253
65
44
34
49
66
86
310
90
45
70
56
138
311
43
80
337
260
44
60
113
55
52
76
44
218
63
82
73
335
154
343
310
35
66
313
201
152
86
74
39
73
37
45
52
38
144
45
69
250
67
266
70
59
51
81
37
57
92
57
68
65
64
41
64
86
59
150
86
96
291
42
309
65
34
68
33
95
164
35
74
47
56
50
91
85
77
68
128
61
56
65
38
257
93
258
78
82
85
49
33
191
59
41
304
70
34
33
44
38
75
52
96
310
54
308
42
192
70
39
36
236
51
193
238
79
56
33
38
70
52
46
94
208
172
71
79
65
51
84
56
86
43
322
47
39
217
75
333
33
146
188
42
77
56
84
84
189
66
235
75
93
259
35
76
36
53
89
73
306
75
83
70
49
47
209
197
96
40
43
215
44
66
78
67
63
45
67
73
37
87
58
84
69
72
44
76
42
83
83
84
74
52
39
34
41
143
53
52
74
72
79
76
176
77
138
62
281
77
223
38
284
69
45
34
161
85
67
175
258
90
60
57
52
236
41
39
65
67
85
64
69
72
44
62
42
90
44
212
35
86
43
45
57
72
62
87
69
34
89
56
69
34
325
41
40
298
85
86
75
272
92
195
37
334
63
177
287
95
80
71
34
156
56
50
307
66
77
52
95
158
86
301
36
297
96
80
86
121
66
41
185
42
41
54
67
56
78
44
54
81
56
95
77
79
93
62
82
71
51
96
290
39
33
92
39
68
41
193
65
88
47
217
44
83
90
304
65
239
231
56
82
93
93
67
122
39
278
71
45
57
215
82
94
42
48
95
52
234
305
92
60
83
129
44
77
42
65
92
63
41
87
95
82
59
62
238
175
78
87
228
38
247
123
44
82
40
38
62
87
60
55
72
95
300
61
88
60
78
77
81
83
53
322
76
319
62
56
39
34
48
198
46
76
59
80
81
51
88
81
36
53
145
178
94
72
211
48
49
269
64
80
295
34
71
88
83
74
45
73
83
72
71
94
82
34
90
117
94
45
63
67
69
55
81
38
64
53
76
35
42
87
83
36
52
90
38
95
76
148
37
242
300
93
74
204
33
44
94
91
96
41
48
49
118
71
34
81
48
63
61
76
33
72
70
50
47
293
70
283
68
34
54
93
233
40
171
51
227
47
76
69
290
40
83
57
330
60
71
195
40
44
70
39
89
95
37
37
95
88
68
43
116
43
72
72
42
58
73
34
70
59
67
51
313
52
88
62
200
185
254
67
60
49
51
85
330
45
92
68
64
298
50
93
155
336
88
138
49
45
223
41
92
43
43
49
41
79
74
96
69
39
44
261
47
93
56
38
248
151
76
41
72
71
46
76
62
41
73
114
89
46
60
54
67
59
290
67
248
331
58
178
45
50
322
74
49
71
55
48
54
51
334
53
85
48
221
90
39
55
75
135
201
96
130
44
91
69
72
34
41
76
34
39
64
56
34
37
35
69
48
58
55
53
290
265
40
76
153
73
45
62
48
262
240
53
253
77
34
276
331
87
33
71
89
36
48
56
88
67
173
80
79
224
166
49
92
41
87
65
77
71
66
89
173
78
237
316
53
63
73
49
57
93
85
328
90
52
71
74
35
41
47
78
261
52
53
53
76
157
70
50
157
81
56
50
65
75
55
47
66
65
59
70
78
34
61
91
285
49
85
174
88
96
159
90
47
76
61
68
341
85
66
309
249
66
41
62
57
76
61
255
83
62
87
64
96
117
260
43
78
91
36
44
73
63
77
38
53
123
57
57
235
82
83
61
37
243
59
58
67
87
60
91
52
43
44
63
244
45
91
60
81
81
174
89
265
54
64
93
81
87
43
34
85
239
59
315
174
90
75
280
313
55
93
35
68
83
271
53
51
91
50
129
45
92
96
85
89
52
60
311
66
95
44
54
96
39
42
62
239
83
76
77
102
45
35
166
45
46
93
218
37
88
34
205
50
245
61
88
94
313
89
56
51
75
62
47
56
74
39
68
96
88
51
86
46
205
73
69
64
92
92
88
136
91
58
94
76
59
294
52
59
80
64
74
205
61
84
47
86
69
72
217
33
75
48
188
148
63
132
36
168
41
76
163
36
162
92
217
67
42
