# 500000 500000
51
56
53
65
64
87
54
71
39
36
31
49
30
66
465
78
45
249
240
33
34
58
54
31
54
48
74
353
84
418
36
78
61
475
55
40
31
72
52
68
73
69
73
31
64
76
35
72
57
45
46
42
73
40
429
34
66
84
66
80
32
68
64
36
54
75
56
46
88
64
495
37
466
53
82
64
74
238
85
60
34
55
52
73
76
73
71
79
55
32
52
230
65
42
34
70
71
70
45
32
32
54
523
71
35
45
76
33
88
57
44
38
76
63
232
58
58
75
56
57
85
64
60
54
85
73
63
33
70
31
46
41
47
46
44
414
83
81
547
11
72
84
74
532
44
42
341
77
34
71
73
77
86
53
48
46
32
43
76
60
35
274
47
64
342
66
88
68
327
56
67
43
40
36
30
72
83
50
36
40
63
63
87
32
84
81
65
74
69
65
88
44
84
42
43
387
52
70
59
70
401
53
448
424
60
69
83
63
87
257
203
63
48
203
38
76
438
35
68
48
81
431
438
74
40
36
63
44
538
82
33
35
72
75
81
85
44
474
50
41
52
510
38
70
40
51
80
32
72
60
63
46
65
83
76
46
85
54
55
40
73
54
82
32
39
73
228
55
61
59
72
336
41
262
49
66
530
46
85
234
448
74
76
33
73
280
33
346
58
33
51
48
44
69
30
46
55
81
71
543
348
43
460
64
73
55
42
61
79
80
351
68
67
51
505
32
39
34
32
2
45
85
66
52
53
71
71
59
33
237
34
50
39
413
80
75
83
78
68
35
40
70
187
56
82
88
53
79
81
34
58
72
83
48
507
84
37
49
68
72
83
51
28
58
47
41
80
429
50
70
40
198
57
540
70
68
53
2
351
489
384
32
30
33
58
316
43
274
60
49
54
34
37
76
67
51
58
88
83
43
62
76
42
77
76
54
299
78
31
57
51
32
68
77
56
70
43
401
39
59
244
71
33
85
82
80
60
42
49
468
35
297
72
48
51
81
77
65
369
53
38
250
51
34
35
299
37
33
81
422
70
317
66
45
67
49
80
42
373
31
33
32
71
474
74
81
48
35
70
57
34
64
32
26
54
36
44
61
35
84
38
38
430
336
61
8
67
75
64
64
81
81
46
40
34
76
50
59
48
60
52
43
75
84
40
34
84
66
70
60
63
53
43
36
72
73
42
50
56
36
66
49
35
34
52
41
17
49
73
76
60
85
45
397
65
36
88
53
85
77
60
45
62
40
76
53
50
67
77
82
266
56
82
43
88
81
66
38
391
70
66
71
85
88
30
1
341
45
32
44
57
68
513
75
65
50
38
62
65
88
51
79
30
64
79
59
63
88
78
36
64
46
472
43
47
52
30
72
52
56
39
360
86
68
35
425
73
42
63
61
55
37
78
38
75
224
88
83
60
66
78
82
30
47
83
47
31
70
30
58
57
441
70
54
45
188
64
78
67
83
51
39
50
68
357
49
79
241
57
65
81
39
68
497
68
48
55
155
68
45
83
228
35
501
309
78
54
38
44
414
41
65
64
77
31
59
78
68
76
86
32
82
516
398
320
74
30
43
35
33
41
42
36
33
45
427
83
354
80
534
49
48
66
74
42
55
65
54
2
229
77
55
44
74
62
84
73
81
76
48
81
499
88
32
70
40
37
45
40
85
73
45
39
77
44
52
40
45
33
77
66
79
44
67
40
77
35
399
86
78
83
37
55
47
86
50
378
30
254
65
61
85
41
62
45
42
63
63
78
81
78
87
76
46
61
471
74
79
34
18
31
53
341
55
75
75
81
74
50
53
349
56
31
30
44
63
37
57
34
326
31
30
86
78
28
36
80
44
30
73
44
77
50
55
302
84
60
76
83
55
69
84
56
46
74
289
83
77
48
497
545
37
295
72
26
63
40
40
85
413
75
51
60
58
78
56
37
46
34
69
87
49
42
74
32
87
64
416
57
42
257
56
4
429
67
77
82
64
45
440
48
38
59
319
85
79
36
35
58
248
40
59
59
41
58
58
48
80
78
31
57
76
220
44
35
39
40
43
48
36
283
32
31
48
524
50
44
463
43
35
41
41
80
84
66
53
31
50
30
78
71
215
235
75
39
38
52
58
72
48
36
84
81
46
377
351
44
65
368
326
83
42
71
87
82
279
48
438
306
57
70
44
75
59
381
69
87
43
56
54
270
63
456
72
38
88
72
46
62
60
422
88
34
36
44
78
84
57
82
55
66
42
49
39
31
69
67
59
64
533
83
73
78
82
65
43
30
41
37
53
31
64
72
525
58
45
51
68
33
79
75
82
31
85
400
405
43
44
47
65
506
86
87
75
62
58
81
233
73
39
46
76
61
37
492
72
57
66
253
54
36
74
75
73
85
51
499
197
36
41
301
392
69
78
48
49
72
62
75
63
78
33
50
59
42
60
41
85
50
82
81
35
33
72
55
66
59
36
76
51
75
30
54
81
67
84
63
73
60
34
62
59
37
482
383
66
88
40
49
50
84
63
34
58
34
71
236
426
85
54
79
52
84
78
57
55
88
49
43
54
59
34
73
63
53
55
54
41
70
44
75
63
86
32
496
47
30
252
44
238
417
58
52
73
64
87
86
77
63
79
322
48
232
30
85
31
231
64
65
64
78
80
313
38
73
83
45
49
18
79
42
38
47
427
52
76
48
65
64
51
48
58
69
262
347
33
65
35
54
50
37
202
65
66
37
37
69
415
39
43
256
33
60
392
32
72
546
47
61
45
400
18
45
65
48
38
70
54
51
52
55
75
71
315
78
62
53
86
511
55
49
42
31
80
56
64
57
548
54
79
42
57
413
77
47
36
56
62
366
68
38
56
31
35
424
77
58
54
73
41
52
303
30
79
46
66
35
41
82
46
87
76
55
75
83
62
60
64
53
277
83
66
329
81
532
348
36
52
79
187
50
32
37
85
40
41
56
52
83
12
56
42
48
36
78
64
37
59
87
286
64
76
31
33
57
351
69
33
66
46
77
54
33
32
48
36
43
35
30
78
66
87
85
73
250
475
87
66
82
61
38
77
486
56
87
85
77
45
256
53
416
68
48
57
32
239
300
37
62
46
30
69
80
66
33
74
84
59
72
63
63
31
85
64
30
58
68
45
363
56
61
55
374
47
308
63
71
319
68
347
44
40
497
72
60
40
45
13
53
34
65
343
46
228
57
60
48
54
32
76
80
30
68
86
81
55
76
76
46
57
74
33
217
81
55
58
70
72
56
75
67
352
260
281
68
50
18
53
84
52
77
62
36
39
37
79
487
431
51
55
71
67
57
86
87
59
33
76
74
60
55
43
46
33
54
46
70
81
47
314
42
64
39
47
37
32
511
50
37
80
61
78
50
78
85
84
505
55
40
76
56
50
88
42
48
45
50
188
36
87
48
83
247
43
479
71
62
73
44
55
68
85
36
246
527
31
24
39
70
32
319
38
88
35
47
48
51
58
49
85
58
43
59
438
86
282
243
87
50
87
281
55
61
32
54
246
86
55
475
55
69
37
407
438
48
494
55
47
73
56
42
81
34
438
47
86
77
85
33
68
513
66
378
86
88
46
306
59
323
81
70
63
52
53
70
253
67
64
44
20
77
58
296
40
86
88
53
87
87
302
75
69
455
38
77
36
39
63
51
48
88
38
67
46
202
395
87
50
34
58
57
47
58
58
69
63
43
57
75
227
87
80
48
69
69
77
65
36
63
511
64
30
38
64
262
39
30
74
60
75
34
31
48
84
83
39
47
88
41
77
45
207
57
75
54
57
61
371
41
87
82
325
47
67
80
46
60
30
78
59
68
32
65
74
45
70
56
39
58
61
82
35
66
84
247
30
63
52
292
65
48
58
73
65
255
230
395
77
81
66
48
52
385
77
20
33
88
72
27
42
49
191
88
400
16
423
67
30
59
33
525
44
57
48
63
544
86
68
82
46
41
84
42
325
51
83
45
73
39
72
87
88
85
35
77
62
48
78
60
64
32
50
53
67
43
80
60
31
36
59
51
49
33
243
66
42
72
46
38
521
68
40
33
66
74
59
50
43
35
299
202
321
32
58
502
45
263
88
29
52
65
48
57
36
80
70
41
21
59
64
42
58
76
71
66
75
326
83
32
82
56
79
71
33
37
81
61
74
48
59
48
48
37
206
40
38
65
58
71
86
34
78
79
84
83
70
53
32
70
37
44
59
86
65
64
14
20
33
70
66
42
465
46
373
57
79
70
75
50
36
78
77
69
76
51
67
70
46
403
477
82
30
69
71
80
76
32
457
31
198
50
252
53
502
47
475
66
50
84
64
386
54
56
35
80
372
58
279
47
50
46
38
43
365
82
64
30
281
87
55
68
512
61
54
65
41
86
79
63
40
30
56
81
38
63
43
47
48
247
80
40
41
84
31
80
78
55
56
32
56
81
50
57
63
69
66
63
82
37
67
61
67
436
66
60
71
63
58
31
73
525
84
42
58
47
77
56
83
45
385
38
327
33
75
81
41
40
63
79
53
46
88
206
43
37
33
44
72
66
48
71
32
52
67
71
60
454
69
67
34
403
62
47
58
59
55
63
61
68
85
30
55
35
3
31
46
64
80
87
45
60
85
43
55
39
62
74
57
72
86
77
79
57
85
53
64
41
57
46
83
211
55
79
229
63
78
36
205
30
81
37
63
67
31
80
79
76
35
295
60
32
36
37
56
30
64
35
56
351
32
37
45
50
209
63
34
68
67
38
32
48
79
65
64
36
215
44
530
88
31
58
87
32
42
78
60
36
52
39
66
76
70
79
228
67
66
55
418
62
70
57
84
63
53
73
47
80
43
71
57
88
58
197
38
72
34
86
440
80
33
476
73
72
50
31
53
63
48
50
87
76
68
69
53
87
64
85
44
70
82
55
75
57
36
39
80
68
61
60
62
85
30
39
49
47
37
309
436
37
70
498
78
85
83
64
30
80
48
190
76
368
51
74
64
79
69
85
78
64
62
84
50
62
254
417
34
50
30
44
30
85
80
53
52
260
46
42
77
66
77
49
63
34
459
70
69
39
88
37
66
87
71
37
40
471
337
49
62
73
57
50
197
338
77
47
210
31
88
42
35
70
46
88
31
75
48
80
34
469
82
62
55
73
57
75
75
53
442
35
76
83
63
55
66
40
87
59
35
44
68
248
82
78
43
61
61
74
57
54
75
77
88
83
69
72
86
196
73
44
56
84
85
43
83
77
80
35
76
64
45
28
36
32
51
41
35
543
56
58
80
61
85
39
77
69
281
83
42
76
78
47
28
50
390
54
52
65
66
44
57
82
87
30
58
510
67
50
41
87
70
44
52
80
85
37
74
64
531
78
74
83
62
392
30
35
44
71
403
60
37
36
73
66
519
344
84
87
34
84
31
54
70
32
62
74
216
274
86
63
42
65
314
512
76
50
45
83
50
69
50
87
46
35
31
297
59
51
47
57
458
78
85
47
501
320
446
62
84
60
313
69
58
33
291
73
38
348
88
54
36
70
43
51
69
5
74
76
35
76
412
58
56
86
39
48
60
59
35
39
62
48
72
63
34
48
238
74
79
40
351
87
38
531
44
43
36
78
75
42
35
68
43
374
43
80
72
75
32
53
271
86
78
62
82
67
88
39
82
45
30
48
88
66
60
47
22
63
30
51
53
85
45
36
73
37
263
77
43
60
21
66
72
60
78
30
73
44
61
30
59
57
80
63
85
49
79
300
33
64
43
74
64
49
40
50
53
87
71
61
50
522
78
41
52
2
51
66
31
210
52
204
32
77
313
297
39
42
45
81
40
34
82
69
75
70
77
71
33
47
79
72
334
45
86
68
78
32
43
80
74
191
46
57
57
60
86
78
259
47
541
342
79
74
261
52
65
37
38
33
371
66
72
35
86
86
76
51
41
79
46
76
439
31
37
85
61
88
75
68
46
31
53
84
67
42
86
85
52
82
78
71
44
22
76
75
366
87
78
87
31
56
41
218
77
445
52
488
42
35
36
309
67
78
31
40
71
55
47
78
52
83
41
87
472
535
73
76
76
54
42
48
39
46
295
73
83
47
55
47
30
76
70
77
84
80
239
373
50
33
85
50
55
52
42
67
77
48
31
44
53
47
43
46
49
40
71
70
76
65
79
42
45
60
268
442
81
37
72
47
81
68
57
473
44
60
43
85
56
319
55
79
65
44
198
44
88
63
351
82
72
58
55
36
46
73
461
61
77
63
38
529
73
81
86
261
73
82
61
39
78
40
81
79
64
78
45
51
77
73
63
44
78
45
77
80
42
50
47
384
76
79
47
49
36
63
47
74
47
85
86
81
61
39
46
82
516
41
45
399
84
43
66
45
81
64
59
505
73
54
68
69
36
295
497
50
47
88
88
60
47
63
520
43
56
68
82
81
82
73
54
36
48
70
54
88
34
59
37
31
83
65
41
32
87
423
279
88
66
80
88
35
34
11
1
446
78
76
47
46
33
77
32
49
84
59
36
61
19
54
39
85
81
33
78
78
435
79
65
70
39
40
82
72
32
57
37
39
49
46
60
75
79
45
42
58
22
43
20
466
88
78
30
234
52
80
59
206
68
453
59
445
239
61
86
314
43
51
236
45
35
32
77
48
67
30
506
36
37
48
35
260
73
58
33
40
54
86
40
66
63
495
21
42
32
55
43
72
63
73
53
42
45
41
38
51
82
64
70
64
469
30
50
22
297
88
336
79
77
77
74
42
40
66
3
73
269
61
54
479
32
30
34
40
78
40
63
56
43
43
70
44
42
202
320
75
75
58
48
46
271
49
76
46
78
68
53
68
31
86
87
48
69
50
31
69
81
74
348
42
50
86
79
59
62
88
249
33
471
50
72
60
63
22
31
36
77
84
78
53
61
32
59
66
65
38
67
43
51
72
40
62
62
35
240
54
25
49
88
65
77
40
34
53
65
39
83
292
44
60
37
303
47
37
330
63
37
31
85
58
64
269
77
36
55
80
65
36
55
77
31
81
426
86
218
74
76
40
71
70
72
32
43
54
44
65
87
73
541
62
46
30
82
44
79
41
59
71
30
454
61
49
31
391
55
84
56
485
292
30
63
86
74
43
62
88
49
433
80
39
64
39
523
85
62
60
87
36
71
40
30
36
35
61
71
57
77
47
84
88
51
61
75
42
73
77
336
62
61
62
44
88
68
45
88
80
48
36
82
80
449
522
81
62
79
68
87
79
48
47
43
44
77
361
40
312
38
49
53
194
56
32
45
34
44
88
465
47
63
522
33
45
52
33
39
44
70
86
77
74
37
47
65
482
85
73
69
46
60
48
43
57
60
33
271
88
46
61
68
71
75
83
497
74
63
88
48
68
56
48
52
59
80
85
40
48
59
38
56
37
39
44
38
65
49
48
48
367
69
32
76
39
206
58
80
88
44
82
81
31
218
66
79
324
36
43
235
44
75
62
47
71
46
69
311
32
83
85
47
74
72
30
58
83
52
30
73
49
56
48
41
247
88
88
66
69
77
80
38
348
56
87
46
31
202
75
38
77
43
47
58
71
64
34
30
62
51
60
75
39
44
86
37
37
202
204
50
71
85
86
69
31
56
42
49
36
47
45
87
378
70
54
77
67
76
83
83
71
70
74
58
39
65
42
59
86
50
70
41
43
46
81
49
82
36
56
71
33
479
296
63
68
58
74
59
30
41
49
218
52
303
52
88
54
86
78
44
385
81
435
51
37
69
452
81
57
429
338
31
38
76
86
71
78
206
74
215
81
77
63
376
32
65
35
82
74
55
53
63
527
53
483
37
39
525
31
250
543
76
73
70
303
79
82
37
66
37
39
41
79
38
61
50
63
86
60
30
56
31
30
457
50
62
73
66
73
34
59
64
48
335
533
37
73
191
68
71
70
77
80
82
57
81
57
71
40
61
77
46
78
61
60
37
354
420
66
235
37
31
84
74
82
50
71
79
40
35
60
59
66
87
353
71
74
54
5
57
75
79
31
81
48
391
66
50
282
35
50
77
37
78
56
79
83
85
56
79
57
63
48
30
47
77
47
66
52
76
83
31
38
65
78
3
30
49
38
43
369
61
55
16
38
37
62
53
80
39
73
46
78
41
52
71
58
204
78
43
69
39
50
292
62
30
33
73
482
51
37
57
56
86
37
63
44
56
54
64
75
60
43
63
52
33
37
57
43
63
57
39
85
50
75
77
25
49
48
60
41
84
64
38
50
36
56
457
57
408
46
36
60
68
36
83
58
80
86
47
58
79
57
67
32
57
68
59
61
56
35
69
42
409
65
42
43
48
220
528
81
75
77
72
208
20
81
76
518
48
308
32
45
71
536
61
208
37
33
83
57
78
365
58
69
42
51
41
35
78
73
73
251
413
287
268
58
422
73
40
52
78
56
48
33
83
72
395
31
251
84
41
234
62
49
47
81
32
201
64
3
87
322
193
33
508
47
50
37
46
43
31
331
65
42
30
83
83
62
68
56
87
47
34
80
77
236
56
59
37
77
53
50
56
30
60
41
358
291
53
66
54
34
39
70
33
39
83
42
68
60
78
225
72
86
81
81
517
34
31
323
426
34
63
81
51
236
323
88
46
60
73
45
80
66
60
71
37
69
54
57
84
34
331
59
33
76
68
72
224
297
69
70
414
70
36
86
38
248
80
63
9
69
35
74
84
312
30
88
53
66
88
64
39
30
40
41
84
59
36
52
61
88
59
87
57
58
275
68
34
65
37
62
34
49
40
68
65
58
355
19
51
75
61
38
5
36
32
10
531
86
30
77
72
73
82
38
42
73
15
54
534
32
48
53
508
62
369
214
48
79
78
85
54
61
85
414
61
33
38
54
84
30
56
58
58
392
78
65
73
73
45
63
38
31
34
47
37
57
56
67
62
62
86
75
36
47
81
83
332
79
34
37
81
392
70
76
39
62
491
450
39
51
57
400
65
34
78
47
71
39
204
54
460
257
62
52
49
85
38
33
510
393
75
78
74
55
49
76
54
38
36
62
66
77
69
53
88
77
39
62
48
60
81
47
66
49
32
267
65
39
80
63
67
81
41
51
356
64
84
39
32
525
76
72
237
330
55
60
45
83
247
42
53
45
84
44
70
207
54
55
35
537
39
61
84
81
45
74
55
84
73
74
42
67
48
53
33
33
64
69
35
43
83
385
75
42
60
44
84
82
447
87
49
54
52
30
86
81
76
44
72
77
74
61
248
55
63
364
47
53
51
49
47
45
48
51
331
53
45
71
35
231
47
60
75
57
258
80
241
56
35
66
77
56
68
58
87
31
49
441
76
65
37
37
63
65
317
13
71
38
58
55
45
189
64
33
32
77
41
60
9
78
52
81
83
35
62
77
332
345
82
64
52
64
63
34
33
69
38
88
66
32
46
81
82
84
33
43
44
73
60
88
82
45
193
260
63
78
47
56
447
77
40
61
73
476
254
56
57
47
85
77
74
78
57
58
39
61
43
68
53
69
86
64
37
50
83
74
53
49
86
39
73
63
45
72
45
4
85
56
30
56
53
64
395
64
75
71
49
56
52
69
82
62
65
50
528
429
497
61
53
64
50
52
68
280
49
65
50
82
83
45
75
59
43
333
86
37
64
77
51
86
64
51
60
79
43
466
34
80
80
404
80
34
87
45
66
494
60
52
66
62
43
58
40
527
86
85
31
60
70
32
49
72
56
62
34
49
44
58
48
37
54
83
216
87
254
43
77
389
485
45
30
59
263
213
38
67
76
69
61
83
426
68
78
478
64
77
87
71
81
38
62
53
70
87
478
534
195
51
38
30
442
73
85
82
88
70
79
53
60
58
60
54
75
55
43
47
75
64
41
68
58
34
322
73
76
59
84
38
41
84
222
66
86
44
86
76
84
78
64
50
67
68
32
34
198
86
33
37
67
75
88
33
55
58
44
85
528
59
35
79
76
83
446
526
78
81
46
45
37
72
22
73
41
86
69
80
82
414
79
72
53
51
58
85
379
39
76
86
56
60
49
45
271
48
35
64
244
86
44
48
545
84
234
48
78
36
57
43
69
43
34
86
41
53
58
34
7
440
520
67
87
494
36
56
76
61
44
57
67
36
55
39
66
31
57
234
39
37
47
64
52
228
60
54
32
260
33
34
57
412
70
71
32
81
75
69
48
35
87
88
226
31
51
65
87
35
61
38
70
69
35
30
84
81
82
371
54
42
57
69
532
65
67
69
21
73
68
66
57
63
48
78
44
55
56
55
78
49
85
87
62
79
72
60
80
417
85
79
78
50
44
55
62
87
60
78
44
59
48
54
54
69
41
399
43
53
86
60
47
37
71
298
52
34
32
55
81
75
40
53
51
64
59
35
30
56
71
484
81
61
32
65
78
30
361
83
37
83
55
336
32
78
68
32
312
33
45
39
34
72
75
53
48
85
23
57
40
39
51
533
513
54
361
399
40
69
46
82
78
68
39
73
83
67
62
53
8
32
268
60
33
71
49
58
54
59
58
377
51
61
31
38
34
44
82
88
322
61
56
62
48
78
75
84
88
73
46
483
52
62
51
520
57
39
59
83
79
78
75
64
20
396
36
79
380
404
38
331
334
72
501
66
499
72
56
56
32
77
50
46
71
53
59
447
496
56
70
78
55
71
202
42
61
60
62
75
39
48
50
42
66
41
74
63
84
41
454
45
33
41
77
74
368
53
58
381
40
63
43
246
309
39
30
51
67
34
54
42
84
36
50
60
76
30
71
44
87
391
78
35
74
33
60
77
67
433
40
35
31
50
51
67
86
52
46
52
42
72
51
34
73
72
41
83
68
76
74
65
40
87
31
72
502
65
78
71
87
87
83
30
64
193
84
62
69
41
47
69
65
542
59
68
74
88
14
73
81
81
87
81
39
43
88
59
80
42
66
10
482
30
67
31
88
87
54
47
69
88
211
217
85
60
426
84
84
30
33
67
83
299
40
73
59
71
69
39
53
63
36
86
43
285
33
79
46
78
41
51
48
54
291
76
77
70
37
82
61
48
80
65
37
229
38
66
33
48
36
68
82
38
36
421
493
201
81
44
49
37
30
54
205
48
230
533
40
55
47
43
214
42
46
57
80
66
330
67
252
30
239
57
32
61
77
64
84
54
69
404
249
56
34
84
39
50
60
47
42
70
46
57
85
78
422
51
370
51
63
29
70
38
40
34
50
30
38
54
71
63
36
279
39
80
41
71
73
73
38
57
53
56
72
79
58
37
38
87
50
80
264
70
50
55
57
53
88
45
72
49
77
71
36
39
457
71
46
33
69
83
71
45
34
88
78
38
68
320
74
42
86
80
77
74
70
35
34
72
48
62
50
37
51
236
39
80
70
65
83
48
37
63
74
46
41
48
14
57
66
35
83
38
217
41
77
46
56
65
8
33
58
47
88
81
67
50
64
481
34
79
74
56
38
48
50
41
79
53
68
39
59
48
430
47
70
88
53
70
61
37
221
41
37
81
46
78
55
45
39
260
58
46
44
50
535
14
83
34
404
45
37
63
56
73
61
87
87
81
78
205
54
55
523
88
81
359
72
61
82
71
30
86
62
46
440
47
78
243
86
48
47
47
62
40
345
66
34
288
47
67
44
44
522
56
54
56
74
258
85
67
74
30
47
78
32
299
82
544
58
73
62
65
57
73
56
38
286
63
30
27
88
45
35
31
84
486
248
43
71
254
45
60
47
30
84
78
31
65
45
56
68
56
46
74
76
71
39
46
55
52
53
60
85
54
41
265
75
82
41
37
86
82
232
49
46
75
40
55
33
78
71
42
50
41
56
55
30
40
64
50
62
339
79
52
55
50
6
73
84
60
206
83
66
45
368
413
37
50
30
76
33
77
46
69
41
42
46
54
79
39
84
468
43
34
322
62
213
82
63
42
40
79
82
85
75
65
72
77
66
54
70
458
64
81
37
257
51
87
70
500
43
215
56
39
85
224
503
35
34
59
69
75
223
61
54
349
55
74
436
84
37
38
316
63
55
400
75
60
34
50
48
41
42
23
43
44
31
71
47
72
52
62
378
54
57
76
72
36
77
62
53
81
539
74
77
49
56
88
320
55
45
70
82
71
46
78
59
40
46
47
34
66
36
87
77
65
41
65
48
60
61
58
34
46
31
79
353
59
39
69
73
83
81
47
78
83
47
172
52
33
71
35
40
30
57
81
59
49
77
76
31
40
39
70
80
34
71
27
87
531
43
68
452
80
45
41
38
36
49
32
86
57
75
60
53
31
83
201
78
68
71
487
84
71
84
49
53
404
76
79
30
47
55
83
78
47
53
41
88
64
87
494
49
34
41
37
440
45
81
32
54
32
468
77
60
56
74
57
32
44
41
66
50
71
254
83
379
69
60
86
436
45
62
42
83
518
65
41
431
62
72
51
42
68
79
67
426
49
66
33
67
42
86
33
223
527
48
510
50
79
74
49
69
56
231
34
383
61
55
52
38
56
41
187
40
84
457
40
62
88
63
70
207
58
39
76
43
78
74
79
67
70
43
431
66
64
220
65
37
31
40
60
77
38
36
75
70
65
86
363
58
78
79
57
77
69
61
7
55
80
59
70
43
71
67
385
82
65
76
248
88
86
45
48
52
79
351
85
58
50
50
52
45
73
64
75
77
44
78
80
82
55
58
46
31
258
226
58
82
57
56
62
43
31
4
48
456
72
35
44
482
41
87
63
356
83
60
56
491
55
50
293
58
83
56
41
84
88
79
55
66
487
52
433
41
59
72
50
35
42
74
77
83
46
270
67
21
76
50
47
58
69
48
58
33
63
68
38
56
44
40
45
50
35
82
37
49
33
74
37
52
72
83
81
48
39
69
35
38
416
57
36
51
54
34
31
201
73
33
249
80
75
51
82
55
393
55
61
35
53
55
75
61
79
44
83
73
78
72
60
77
39
79
86
36
53
47
61
53
63
50
62
30
48
35
66
52
88
65
308
79
35
25
82
349
83
64
48
31
59
81
53
38
81
351
281
40
63
40
77
30
255
34
50
66
83
63
35
67
40
75
544
33
62
67
495
84
65
57
75
40
284
54
83
46
63
85
83
71
52
38
56
58
81
51
73
548
84
52
344
72
255
74
27
69
37
60
62
36
484
41
86
57
74
70
78
45
81
66
427
64
440
265
76
56
76
42
45
247
82
85
35
86
88
82
369
53
290
32
56
87
34
59
46
2
33
52
68
58
84
79
42
47
39
69
49
382
62
33
77
58
67
70
36
36
76
54
85
248
78
33
52
204
464
86
81
412
62
86
50
74
78
41
44
34
86
87
43
86
82
72
83
87
77
59
76
79
39
49
79
76
324
63
260
59
81
542
88
78
63
56
530
205
333
57
432
3
86
49
49
74
35
73
58
411
52
55
78
82
78
226
57
85
64
372
68
84
83
58
46
46
48
425
66
33
40
54
83
49
81
398
55
83
35
286
41
81
79
88
41
67
294
264
43
386
45
59
60
306
485
497
49
48
55
36
62
86
58
35
72
53
87
4
61
44
78
357
45
44
367
45
31
50
59
26
44
53
76
34
71
49
35
63
51
70
233
348
33
87
43
55
210
49
54
74
56
62
81
84
87
69
82
75
33
31
86
77
51
88
48
47
75
78
47
84
39
86
31
47
71
60
40
32
42
250
81
207
43
83
60
33
534
262
88
38
72
66
10
87
84
46
47
70
67
74
205
349
88
397
45
530
51
542
85
64
54
66
68
75
454
76
64
373
58
2
57
40
56
58
380
35
58
348
41
40
2
70
86
79
88
82
43
47
70
39
412
31
64
34
244
62
540
33
82
88
53
378
39
53
79
40
68
80
79
68
79
86
287
40
39
65
234
215
59
67
52
72
85
86
33
48
55
56
38
64
83
45
30
505
409
78
54
61
52
83
38
52
53
5
52
78
51
83
78
44
31
54
60
31
39
88
59
14
83
74
86
46
73
63
76
55
465
64
41
60
54
54
49
61
36
58
49
72
41
34
45
31
36
51
84
34
81
88
66
70
39
36
82
54
36
54
65
73
30
241
45
86
50
228
32
57
73
37
86
61
31
63
70
44
42
342
40
75
48
31
67
198
70
49
33
50
255
82
483
76
65
47
17
57
82
34
81
40
81
41
502
34
65
40
41
49
31
75
82
322
82
41
32
30
54
195
68
315
70
78
67
79
64
38
43
78
77
44
81
45
394
67
61
88
61
76
47
57
73
421
56
79
258
75
52
37
495
277
67
409
87
40
46
30
85
57
69
63
53
38
31
50
74
67
332
36
60
83
70
69
43
81
76
57
63
36
87
80
318
82
82
72
45
60
47
213
49
28
62
47
424
190
68
87
58
68
88
88
54
40
37
73
546
85
78
74
38
66
85
49
30
73
355
75
60
71
77
41
57
196
58
81
42
68
74
64
35
74
39
61
43
32
51
72
48
53
88
30
35
429
80
52
83
66
425
453
69
438
10
48
47
38
60
44
411
63
391
78
57
46
70
283
33
76
79
261
35
20
39
62
53
48
36
71
61
358
32
72
36
60
30
58
65
52
76
65
471
77
195
50
364
58
37
49
55
45
229
74
61
72
75
79
39
49
85
57
39
82
496
40
74
48
45
58
62
267
48
71
56
32
430
86
47
288
62
55
75
78
30
75
299
245
193
70
86
79
41
60
61
41
87
69
39
58
31
79
88
370
85
51
57
55
70
37
40
73
83
77
79
52
31
365
61
48
88
78
68
46
30
50
58
31
54
84
53
198
79
46
40
49
86
60
60
83
67
69
64
77
63
79
38
317
46
67
76
71
36
48
44
71
53
39
36
80
75
52
60
56
438
45
61
31
80
40
78
84
32
63
50
60
229
37
59
39
330
47
64
65
80
53
352
30
30
415
46
31
60
75
58
51
41
61
67
34
73
63
79
352
87
13
59
35
69
59
81
79
37
39
66
85
56
534
69
81
79
59
52
225
30
56
72
34
87
51
58
47
88
82
1
56
53
483
461
57
30
514
62
43
412
325
64
39
75
33
219
61
68
59
67
58
64
65
52
84
80
46
56
37
51
66
71
78
42
65
34
80
67
43
74
66
51
39
30
521
84
79
50
77
74
46
70
3
46
37
32
30
42
39
85
85
39
68
42
62
55
241
86
40
76
51
467
57
1
35
427
54
49
69
43
86
33
45
80
541
56
37
51
60
59
63
44
68
40
42
70
52
56
60
38
253
63
39
30
77
11
34
40
502
50
47
509
61
66
82
77
71
18
53
36
55
65
71
51
44
500
53
44
30
83
34
50
80
43
31
57
40
35
36
54
87
36
30
66
73
375
33
86
70
84
48
43
55
61
83
84
41
13
78
48
85
48
85
36
445
38
46
38
41
88
40
59
49
67
79
32
278
49
87
54
48
67
195
88
43
64
62
55
265
53
88
36
57
52
75
43
339
60
67
54
461
53
52
57
68
57
57
296
56
86
62
45
38
76
52
35
63
56
74
43
49
43
62
44
16
71
31
59
51
15
71
42
79
84
73
514
61
51
50
35
504
432
69
33
39
49
36
39
88
71
86
36
88
67
53
87
54
41
81
42
43
56
75
65
60
31
53
231
67
70
56
66
82
60
55
76
86
79
56
48
68
77
77
75
77
87
37
75
62
83
84
87
61
60
342
70
35
74
79
57
216
70
56
271
40
48
62
31
36
87
75
449
40
76
39
42
40
70
56
53
43
407
46
413
43
427
79
44
41
468
341
76
40
39
38
45
264
85
48
37
66
82
75
45
48
49
64
59
58
62
14
75
59
61
57
396
55
34
61
51
83
61
42
30
88
69
59
65
71
49
55
52
17
318
40
75
73
334
233
86
69
220
83
69
212
54
82
37
83
67
60
55
55
82
71
31
58
444
73
65
35
68
47
198
38
78
55
85
82
76
257
66
40
50
40
60
64
56
461
389
1
81
75
40
49
74
31
87
52
69
21
44
57
32
277
31
41
482
44
88
42
73
56
521
63
45
78
234
279
62
64
50
56
47
46
63
66
52
75
32
66
63
30
188
33
489
82
33
435
67
83
88
64
86
43
225
58
73
41
64
50
69
33
1
85
73
51
31
73
41
88
77
54
67
87
42
47
72
62
373
66
45
57
64
82
59
39
61
37
66
35
46
51
82
80
38
38
35
56
82
69
45
230
42
33
87
43
30
36
75
325
47
33
69
64
82
44
39
37
86
83
68
65
30
200
66
51
45
17
39
247
322
41
45
72
33
59
85
81
66
80
40
76
38
71
507
47
43
53
49
74
81
54
82
55
37
52
30
79
35
36
87
45
76
50
52
325
43
34
44
375
78
41
51
60
75
53
272
40
44
88
86
43
308
57
47
71
79
31
82
59
32
44
39
34
40
53
30
525
69
37
37
73
32
79
51
78
40
48
41
87
59
64
46
64
78
493
290
83
84
83
254
434
49
72
70
41
57
65
73
64
44
51
68
36
48
51
278
32
85
88
41
66
53
46
33
44
88
54
37
46
443
40
70
239
374
82
40
43
74
31
60
261
30
88
55
85
88
84
279
83
41
83
70
83
85
207
39
88
30
81
86
491
79
41
388
70
64
504
404
31
41
79
64
53
54
86
45
61
69
330
30
60
49
40
64
80
47
65
74
83
33
78
55
69
312
41
88
75
268
40
37
53
76
48
53
461
82
59
45
88
73
46
8
42
72
39
48
451
75
74
295
50
72
43
84
83
40
32
88
71
463
65
55
38
76
46
71
33
49
42
41
41
60
34
35
80
62
87
70
83
56
395
54
36
497
81
81
71
399
49
80
29
30
41
40
61
36
32
58
448
37
75
44
37
72
52
42
31
59
487
83
289
80
80
65
44
42
69
85
76
47
264
314
68
477
37
80
71
66
73
70
61
88
60
84
37
58
74
534
88
55
45
231
66
433
86
42
35
59
50
451
85
53
58
460
31
202
455
61
30
74
59
30
57
78
77
85
76
399
223
62
198
87
56
88
40
285
51
76
60
56
42
34
36
68
49
86
48
58
73
356
64
229
343
30
80
57
258
46
82
40
74
67
32
43
62
71
87
405
53
36
484
294
52
68
86
50
65
31
264
73
522
33
488
41
83
56
224
79
46
52
53
32
75
35
191
278
77
54
72
31
82
64
77
30
46
87
67
33
325
70
85
73
48
79
62
537
290
53
41
40
80
76
7
32
38
408
273
60
45
61
256
81
63
72
74
44
48
54
32
74
77
343
78
62
58
86
51
49
33
80
87
56
49
45
53
64
525
49
543
423
58
73
44
30
79
34
37
55
275
36
87
472
36
79
62
50
78
69
279
30
45
57
66
52
39
87
353
78
67
291
64
11
31
51
343
87
40
520
348
394
46
7
67
43
15
43
63
377
16
31
30
32
36
31
74
368
194
81
56
62
298
76
58
518
67
84
369
75
55
40
73
84
34
40
70
39
39
275
334
261
435
52
81
48
33
32
32
73
66
69
57
55
410
83
276
43
267
49
46
13
80
66
71
38
47
61
61
83
296
51
52
74
59
28
222
43
72
50
87
48
349
64
70
45
65
79
36
224
488
41
82
481
61
88
70
84
52
78
82
82
33
64
68
35
77
79
73
84
62
76
37
534
51
72
400
87
71
495
40
53
67
87
77
62
60
75
52
80
65
86
38
66
512
80
75
50
69
86
42
54
34
62
32
31
30
205
201
48
77
67
50
37
60
62
72
59
60
219
43
55
68
70
59
70
67
38
68
34
85
70
500
56
32
215
55
486
62
59
58
80
37
73
37
87
74
51
52
431
35
53
46
278
65
3
65
54
48
77
63
39
332
388
78
42
30
73
34
54
49
75
47
73
510
451
49
39
464
86
480
545
60
54
45
83
86
66
486
64
60
67
38
30
81
71
39
546
58
71
75
46
68
253
66
79
72
287
38
39
45
36
501
78
72
39
79
69
86
53
73
246
80
83
75
43
59
445
52
79
81
67
48
38
60
35
66
72
72
44
63
57
40
55
49
482
61
34
69
35
45
36
300
54
68
39
16
32
35
41
63
42
38
31
253
536
57
86
258
58
63
59
65
52
76
36
69
450
86
66
73
39
488
274
33
61
49
37
241
55
43
75
44
12
264
65
384
39
34
69
70
43
79
473
51
55
88
74
38
58
71
73
32
78
59
88
68
66
52
40
43
56
82
77
68
56
86
48
42
80
54
54
65
80
34
86
52
62
39
55
49
39
79
78
49
32
42
68
204
77
69
53
63
78
64
79
56
75
31
70
339
53
528
37
391
391
87
32
39
54
82
41
67
324
36
37
68
66
64
62
57
44
52
365
54
269
271
48
77
62
45
60
35
49
56
67
373
69
40
88
40
68
51
232
66
390
58
87
520
445
33
65
409
478
310
86
57
56
76
280
59
66
87
55
470
33
35
294
34
46
73
67
40
67
30
80
31
386
32
80
38
57
77
53
51
39
68
482
445
64
20
37
60
64
67
59
61
84
44
402
73
40
87
38
34
57
373
88
81
80
40
83
60
74
69
66
63
65
65
265
78
534
36
52
71
47
35
35
483
68
187
47
86
543
273
58
58
57
47
56
41
33
48
439
334
425
43
65
83
74
39
76
307
30
39
79
87
53
71
34
87
77
27
31
522
379
319
25
47
42
65
66
52
70
88
206
56
358
75
73
31
86
75
30
31
60
65
32
52
72
36
227
77
42
80
61
60
38
50
68
33
83
285
375
74
36
88
2
37
58
70
41
34
73
50
61
57
63
85
32
37
37
79
64
84
48
33
69
64
31
34
40
49
57
51
537
69
324
283
478
56
31
57
55
41
87
293
83
47
88
51
64
49
417
514
85
81
69
79
40
62
45
70
57
33
45
243
61
80
71
66
59
37
52
44
67
74
42
7
52
87
530
65
79
363
68
388
74
35
30
73
51
53
40
64
69
54
77
62
86
35
31
78
41
68
229
49
40
31
74
33
66
467
334
60
64
352
32
62
520
58
82
43
62
82
43
47
19
41
33
295
30
69
46
60
86
83
546
43
87
36
31
83
78
61
347
57
517
60
45
55
62
195
83
199
48
74
37
302
190
61
66
64
68
35
70
82
63
37
54
267
43
70
202
41
40
85
63
70
87
83
70
56
70
55
49
63
46
48
80
82
76
36
197
38
78
52
55
46
59
53
31
60
421
75
67
323
41
34
66
190
62
69
32
72
36
57
73
80
61
51
74
34
66
85
59
414
59
83
32
407
86
45
54
85
58
64
50
41
38
38
210
44
42
33
80
78
41
27
30
85
33
79
45
30
433
59
80
38
199
51
396
84
395
81
87
53
37
41
36
30
76
33
75
49
39
271
53
78
67
528
481
62
38
74
88
427
42
66
85
188
83
73
50
43
507
78
80
50
41
463
78
53
56
9
34
72
524
81
81
84
39
468
51
36
55
32
41
33
78
85
65
77
40
52
198
83
35
55
38
33
77
70
30
476
65
39
69
44
41
37
58
56
473
453
187
33
61
87
36
51
84
65
54
67
83
62
247
196
33
34
44
71
48
72
34
71
74
63
70
52
49
188
83
55
38
229
38
537
73
38
31
72
76
61
49
368
88
52
54
75
415
43
377
49
37
68
78
64
76
45
35
30
37
63
62
59
35
50
52
71
56
48
33
35
47
60
43
39
285
45
40
473
55
32
51
44
36
77
383
41
43
54
45
62
45
62
70
70
78
64
81
76
52
30
59
82
87
83
247
66
407
73
88
79
68
80
81
31
34
52
483
52
433
78
79
56
51
33
47
50
84
30
47
47
34
46
50
58
82
70
66
61
32
32
71
78
68
37
43
69
401
83
54
40
48
37
44
62
46
43
30
65
46
504
75
349
74
33
58
55
73
36
75
57
61
54
44
226
230
534
80
39
40
73
424
58
84
85
61
40
70
38
68
86
47
450
241
76
58
372
79
66
68
41
59
428
79
39
66
70
86
33
328
67
72
31
38
37
61
88
72
64
43
39
59
72
74
75
62
40
37
71
52
31
60
65
72
69
87
36
31
51
82
212
34
246
48
75
78
43
84
41
47
40
78
54
76
67
40
51
76
12
55
67
61
45
79
44
249
59
68
47
46
315
32
73
32
69
80
34
22
10
75
63
47
55
47
69
242
54
69
78
59
6
40
53
227
37
82
455
60
49
69
402
33
46
75
73
335
258
52
41
56
72
78
63
42
531
65
81
35
86
75
35
512
55
31
77
37
71
43
71
43
83
52
87
52
63
30
44
66
84
514
38
50
44
51
37
44
74
75
65
55
52
249
49
46
56
506
32
51
62
52
59
59
37
49
56
85
60
471
347
61
32
39
38
58
43
73
88
88
55
31
75
68
33
59
61
78
74
37
83
82
77
508
37
30
265
513
76
34
60
83
82
56
46
66
40
36
62
79
41
80
43
34
48
63
497
41
33
71
37
77
86
433
35
196
35
63
70
45
80
228
88
36
41
62
53
352
214
201
82
61
21
80
59
34
54
72
52
389
87
59
72
51
308
34
74
49
55
36
86
75
41
87
384
59
53
506
57
36
68
70
72
353
403
48
62
527
77
71
70
81
38
63
319
82
30
81
437
511
66
61
85
40
513
26
32
73
37
63
48
33
74
88
86
540
80
86
88
35
455
381
41
523
37
75
50
75
65
254
38
39
65
80
54
65
40
438
52
324
70
12
39
83
34
88
51
74
49
79
61
42
65
78
50
51
24
73
51
386
34
87
77
83
67
72
74
79
71
63
39
75
78
318
43
285
74
40
62
54
85
45
65
73
54
32
40
41
68
33
71
84
60
190
43
88
341
79
60
73
280
54
459
48
430
39
53
30
72
61
86
30
41
87
440
365
78
33
437
419
66
55
67
53
64
55
77
386
66
49
64
34
71
195
55
82
54
80
52
63
60
75
56
39
79
60
65
61
51
50
31
61
77
82
32
33
44
49
35
378
278
72
81
41
35
68
65
73
325
52
62
73
337
59
32
76
80
80
511
249
59
71
74
46
75
73
68
87
364
63
58
73
59
36
32
208
36
48
299
32
57
33
41
30
88
67
56
444
37
60
61
44
67
34
79
74
45
444
48
79
85
46
35
49
74
80
384
81
44
57
49
88
80
51
48
79
32
45
51
441
72
62
45
286
41
68
217
78
49
53
240
88
35
277
47
86
68
75
30
51
71
30
33
47
380
79
48
57
81
70
57
51
46
423
73
37
48
56
72
38
75
84
32
41
57
84
84
73
68
68
45
219
80
422
42
60
37
48
44
30
40
56
53
357
66
82
48
71
32
56
48
50
82
86
78
85
62
87
49
319
51
75
32
36
49
62
47
49
59
298
36
66
67
63
83
50
54
35
79
498
346
49
453
88
43
31
42
67
33
8
61
45
60
45
38
72
33
42
33
269
302
50
51
43
57
433
86
71
73
81
51
80
378
81
60
75
56
375
49
78
56
32
40
86
74
65
81
78
44
81
298
69
45
468
31
39
68
34
55
406
78
80
32
67
78
518
40
73
42
39
39
22
79
86
83
70
51
59
88
54
46
84
55
498
30
79
78
73
266
71
40
69
73
85
55
84
478
51
81
355
88
81
69
350
55
34
68
45
88
43
39
78
87
76
297
30
83
88
76
88
58
30
37
79
68
377
43
48
38
71
31
30
35
66
420
313
73
30
81
80
49
84
52
59
38
70
48
86
72
69
38
320
85
35
70
39
197
32
54
42
70
42
70
401
60
82
61
56
30
68
56
87
63
56
52
43
75
52
476
6
33
44
69
485
80
43
31
383
327
41
45
77
248
50
54
54
30
280
85
62
70
460
82
70
60
80
48
77
49
495
56
52
370
203
77
79
35
33
65
83
38
38
30
87
73
33
422
34
15
57
39
87
44
46
63
497
327
84
85
54
357
43
59
458
80
38
344
55
271
35
44
59
37
496
74
418
78
35
56
45
50
70
31
271
59
69
286
84
61
191
53
33
472
76
85
336
201
206
67
79
308
54
80
85
60
44
53
45
44
60
44
3
47
66
54
79
36
260
56
37
312
47
33
433
338
63
64
34
67
68
68
86
81
65
31
348
52
81
63
84
41
440
297
49
46
470
71
308
327
63
80
70
61
64
30
503
41
57
54
362
83
60
52
86
80
340
76
38
304
449
83
317
59
78
53
45
71
45
47
444
83
81
35
87
61
82
36
84
85
55
79
50
80
31
531
47
261
511
33
83
87
84
47
49
49
33
65
30
75
66
80
73
62
18
73
534
341
502
72
51
43
64
61
47
36
415
535
523
51
190
56
30
88
45
39
67
71
40
48
35
46
78
67
38
48
88
39
66
54
65
21
61
34
31
83
32
57
79
73
75
52
57
73
67
77
37
43
38
188
423
41
298
84
268
47
46
72
88
72
36
70
49
56
85
72
53
63
75
84
50
62
74
55
77
239
61
75
35
51
59
68
30
42
77
70
39
64
51
35
74
518
53
59
32
70
46
60
72
432
77
421
76
32
83
41
82
52
88
63
46
59
82
74
293
524
63
67
52
376
38
69
52
47
511
57
62
44
52
35
74
48
64
32
52
41
34
48
41
54
80
525
85
50
487
78
41
43
455
74
391
414
85
397
70
70
68
56
