# 50000 50003
84
75
247
256
73
94
142
39
258
245
96
35
84
39
83
49
54
64
67
128
47
35
38
91
296
65
88
59
95
88
32
227
47
50
34
58
79
129
41
236
41
39
66
259
63
83
79
73
40
68
323
87
181
312
55
81
92
89
69
75
252
87
69
90
85
222
76
60
171
72
87
59
77
168
58
71
88
32
329
85
41
308
312
84
52
210
37
53
61
287
72
96
88
112
54
38
62
34
325
62
62
51
75
40
35
78
87
45
57
88
66
84
89
89
132
43
133
63
184
51
62
90
240
39
59
92
309
32
269
37
85
95
324
186
332
55
298
82
93
43
42
55
61
68
88
43
38
77
81
61
195
52
60
80
58
321
43
149
80
80
72
71
58
96
60
71
80
84
50
41
40
225
251
39
34
48
63
34
196
56
116
92
39
212
67
161
201
79
190
89
186
84
80
85
57
284
194
41
53
52
33
87
94
179
68
177
35
168
272
33
46
62
72
37
56
90
76
40
58
33
85
69
58
96
36
69
230
54
96
54
55
85
69
75
335
262
80
257
61
35
56
83
88
86
91
32
82
55
288
53
231
86
42
64
81
124
42
137
117
56
206
34
280
49
69
63
62
90
69
56
41
93
81
83
38
65
83
43
54
87
45
30
205
76
70
144
76
139
68
72
72
260
68
66
51
35
279
75
43
76
55
61
64
37
196
74
39
68
59
168
59
39
79
76
52
74
67
65
85
57
66
303
93
291
69
259
87
75
167
47
33
41
91
79
134
9
38
51
87
86
89
43
76
35
38
74
327
53
40
67
84
46
60
63
49
217
46
56
65
96
78
75
89
170
62
83
267
61
35
45
80
54
68
66
95
68
85
78
95
52
89
70
74
44
42
92
306
235
94
34
85
92
93
178
39
81
201
68
114
61
173
83
91
80
64
184
307
75
48
41
321
257
214
68
190
89
86
54
39
179
84
208
66
46
76
322
290
90
73
77
52
64
84
262
49
87
65
211
48
223
81
44
42
86
54
69
75
71
163
71
161
77
132
151
72
73
70
35
33
79
319
32
48
69
85
259
65
59
59
47
87
148
82
78
56
54
52
58
51
67
13
322
49
81
67
240
36
38
90
307
84
255
32
38
91
57
43
70
59
80
66
151
56
73
268
49
243
80
150
68
57
95
142
260
71
55
39
42
70
44
38
77
114
49
49
95
61
44
44
67
77
51
223
32
241
92
33
80
45
70
134
66
63
50
60
62
162
92
52
94
316
60
33
39
88
96
53
56
68
173
34
68
79
82
68
47
66
35
86
96
57
271
35
61
65
81
78
91
93
241
43
82
71
311
284
43
88
54
288
78
91
62
95
90
35
111
85
81
76
35
200
239
305
95
197
50
34
228
34
91
226
93
269
234
327
53
85
75
55
330
54
35
132
58
77
54
128
69
83
328
67
41
37
79
82
59
57
325
68
57
64
96
272
39
67
243
161
36
85
66
53
87
54
65
56
218
78
32
91
77
55
60
75
68
47
42
82
47
317
205
65
84
82
74
93
70
55
39
75
76
40
75
65
40
56
123
66
71
79
63
167
39
93
56
333
217
310
70
142
75
49
88
55
40
211
68
89
85
68
48
89
77
65
173
261
62
82
166
74
34
287
111
333
179
70
56
34
62
65
37
35
0
58
215
93
35
87
80
85
40
82
67
89
35
47
77
54
65
67
54
324
93
63
54
64
86
77
111
96
65
78
44
192
112
138
63
60
40
81
83
32
192
47
191
88
81
50
81
139
45
49
66
85
280
67
41
86
82
75
57
55
58
252
91
68
288
89
33
38
41
96
33
38
66
42
55
59
65
88
71
81
94
4
331
54
174
74
67
39
83
40
263
45
48
76
123
64
33
32
137
68
86
91
69
36
91
40
59
66
78
57
67
86
39
83
73
234
53
195
58
254
92
53
44
263
51
77
150
83
45
288
89
96
68
87
42
44
297
78
51
83
157
44
68
52
51
226
64
90
95
234
38
138
87
41
83
300
269
118
39
296
78
63
71
76
72
215
318
307
64
80
67
41
47
36
93
79
285
336
52
264
83
80
177
37
55
146
66
46
79
92
239
94
281
92
87
44
60
85
33
77
55
161
34
79
96
253
76
65
92
46
272
75
91
52
44
75
134
84
67
74
75
75
39
239
69
48
247
80
18
158
72
39
58
328
76
58
88
75
256
241
39
77
41
265
85
81
36
65
259
87
61
327
42
70
72
24
70
56
49
54
43
191
33
38
202
197
78
66
55
